Server, Tagname, Value, Timestamp, Questionable, Annotated, Substituted
D8CF2232, SWAT_SUTD:RSLinx Enterprise:P2.HMI_FIT201.Pv, 2.425272, 30/6/2015 5:49:05 PM, False, Not Annotated, False
D8CF2232, SWAT_SUTD:RSLinx Enterprise:P2.HMI_FIT201.Pv, 2.425272, 30/6/2015 5:49:06 PM, False, Not Annotated, False
D8CF2232, SWAT_SUTD:RSLinx Enterprise:P2.HMI_FIT201.Pv, 2.426425, 30/6/2015 5:49:07 PM, False, Not Annotated, False
D8CF2232, SWAT_SUTD:RSLinx Enterprise:P2.HMI_FIT201.Pv, 2.426425, 30/6/2015 5:49:08 PM, False, Not Annotated, False
D8CF2232, SWAT_SUTD:RSLinx Enterprise:P2.HMI_FIT201.Pv, 2.426425, 30/6/2015 5:49:09 PM, False, Not Annotated, False
D8CF2232, SWAT_SUTD:RSLinx Enterprise:P2.HMI_FIT201.Pv, 2.425272, 30/6/2015 5:49:10 PM, False, Not Annotated, False
D8CF2232, SWAT_SUTD:RSLinx Enterprise:P2.HMI_FIT201.Pv, 2.425272, 30/6/2015 5:49:11 PM, False, Not Annotated, False
D8CF2232, SWAT_SUTD:RSLinx Enterprise:P2.HMI_FIT201.Pv, 2.425272, 30/6/2015 5:49:12 PM, False, Not Annotated, False
D8CF2232, SWAT_SUTD:RSLinx Enterprise:P2.HMI_FIT201.Pv, 2.425272, 30/6/2015 5:49:13 PM, False, Not Annotated, False
D8CF2232, SWAT_SUTD:RSLinx Enterprise:P2.HMI_FIT201.Pv, 2.425272, 30/6/2015 5:49:14 PM, False, Not Annotated, False
D8CF2232, SWAT_SUTD:RSLinx Enterprise:P2.HMI_FIT201.Pv, 2.425272, 30/6/2015 5:49:15 PM, False, Not Annotated, False
D8CF2232, SWAT_SUTD:RSLinx Enterprise:P2.HMI_FIT201.Pv, 2.425272, 30/6/2015 5:49:16 PM, False, Not Annotated, False
D8CF2232, SWAT_SUTD:RSLinx Enterprise:P2.HMI_FIT201.Pv, 2.425272, 30/6/2015 5:49:17 PM, False, Not Annotated, False
D8CF2232, SWAT_SUTD:RSLinx Enterprise:P2.HMI_FIT201.Pv, 2.427578, 30/6/2015 5:49:18 PM, False, Not Annotated, False
D8CF2232, SWAT_SUTD:RSLinx Enterprise:P2.HMI_FIT201.Pv, 2.427578, 30/6/2015 5:49:19 PM, False, Not Annotated, False
D8CF2232, SWAT_SUTD:RSLinx Enterprise:P2.HMI_FIT201.Pv, 2.425656, 30/6/2015 5:49:20 PM, False, Not Annotated, False
D8CF2232, SWAT_SUTD:RSLinx Enterprise:P2.HMI_FIT201.Pv, 2.425656, 30/6/2015 5:49:21 PM, False, Not Annotated, False
D8CF2232, SWAT_SUTD:RSLinx Enterprise:P2.HMI_FIT201.Pv, 2.425656, 30/6/2015 5:49:22 PM, False, Not Annotated, False
D8CF2232, SWAT_SUTD:RSLinx Enterprise:P2.HMI_FIT201.Pv, 2.426425, 30/6/2015 5:49:23 PM, False, Not Annotated, False
D8CF2232, SWAT_SUTD:RSLinx Enterprise:P2.HMI_FIT201.Pv, 2.427066, 30/6/2015 5:49:24 PM, False, Not Annotated, False
D8CF2232, SWAT_SUTD:RSLinx Enterprise:P2.HMI_FIT201.Pv, 2.427066, 30/6/2015 5:49:25 PM, False, Not Annotated, False
D8CF2232, SWAT_SUTD:RSLinx Enterprise:P2.HMI_FIT201.Pv, 2.42399, 30/6/2015 5:49:26 PM, False, Not Annotated, False
D8CF2232, SWAT_SUTD:RSLinx Enterprise:P2.HMI_FIT201.Pv, 2.421811, 30/6/2015 5:49:27 PM, False, Not Annotated, False
D8CF2232, SWAT_SUTD:RSLinx Enterprise:P2.HMI_FIT201.Pv, 2.421811, 30/6/2015 5:49:28 PM, False, Not Annotated, False
D8CF2232, SWAT_SUTD:RSLinx Enterprise:P2.HMI_FIT201.Pv, 2.420658, 30/6/2015 5:49:29 PM, False, Not Annotated, False
D8CF2232, SWAT_SUTD:RSLinx Enterprise:P2.HMI_FIT201.Pv, 2.420658, 30/6/2015 5:49:30 PM, False, Not Annotated, False
D8CF2232, SWAT_SUTD:RSLinx Enterprise:P2.HMI_FIT201.Pv, 2.420658, 30/6/2015 5:49:31 PM, False, Not Annotated, False
D8CF2232, SWAT_SUTD:RSLinx Enterprise:P2.HMI_FIT201.Pv, 2.419377, 30/6/2015 5:49:32 PM, False, Not Annotated, False
D8CF2232, SWAT_SUTD:RSLinx Enterprise:P2.HMI_FIT201.Pv, 2.417583, 30/6/2015 5:49:33 PM, False, Not Annotated, False
D8CF2232, SWAT_SUTD:RSLinx Enterprise:P2.HMI_FIT201.Pv, 2.416942, 30/6/2015 5:49:34 PM, False, Not Annotated, False
D8CF2232, SWAT_SUTD:RSLinx Enterprise:P2.HMI_FIT201.Pv, 2.416942, 30/6/2015 5:49:35 PM, False, Not Annotated, False
D8CF2232, SWAT_SUTD:RSLinx Enterprise:P2.HMI_FIT201.Pv, 2.416942, 30/6/2015 5:49:36 PM, False, Not Annotated, False
D8CF2232, SWAT_SUTD:RSLinx Enterprise:P2.HMI_FIT201.Pv, 2.417454, 30/6/2015 5:49:37 PM, False, Not Annotated, False
D8CF2232, SWAT_SUTD:RSLinx Enterprise:P2.HMI_FIT201.Pv, 2.417454, 30/6/2015 5:49:38 PM, False, Not Annotated, False
D8CF2232, SWAT_SUTD:RSLinx Enterprise:P2.HMI_FIT201.Pv, 2.418608, 30/6/2015 5:49:39 PM, False, Not Annotated, False
D8CF2232, SWAT_SUTD:RSLinx Enterprise:P2.HMI_FIT201.Pv, 2.418608, 30/6/2015 5:49:40 PM, False, Not Annotated, False
D8CF2232, SWAT_SUTD:RSLinx Enterprise:P2.HMI_FIT201.Pv, 2.418608, 30/6/2015 5:49:41 PM, False, Not Annotated, False
D8CF2232, SWAT_SUTD:RSLinx Enterprise:P2.HMI_FIT201.Pv, 2.418608, 30/6/2015 5:49:42 PM, False, Not Annotated, False
D8CF2232, SWAT_SUTD:RSLinx Enterprise:P2.HMI_FIT201.Pv, 2.420786, 30/6/2015 5:49:43 PM, False, Not Annotated, False
D8CF2232, SWAT_SUTD:RSLinx Enterprise:P2.HMI_FIT201.Pv, 2.420786, 30/6/2015 5:49:44 PM, False, Not Annotated, False
D8CF2232, SWAT_SUTD:RSLinx Enterprise:P2.HMI_FIT201.Pv, 2.421683, 30/6/2015 5:49:45 PM, False, Not Annotated, False
D8CF2232, SWAT_SUTD:RSLinx Enterprise:P2.HMI_FIT201.Pv, 2.421683, 30/6/2015 5:49:46 PM, False, Not Annotated, False
D8CF2232, SWAT_SUTD:RSLinx Enterprise:P2.HMI_FIT201.Pv, 2.421683, 30/6/2015 5:49:47 PM, False, Not Annotated, False
D8CF2232, SWAT_SUTD:RSLinx Enterprise:P2.HMI_FIT201.Pv, 2.42194, 30/6/2015 5:49:48 PM, False, Not Annotated, False
D8CF2232, SWAT_SUTD:RSLinx Enterprise:P2.HMI_FIT201.Pv, 2.42194, 30/6/2015 5:49:49 PM, False, Not Annotated, False
D8CF2232, SWAT_SUTD:RSLinx Enterprise:P2.HMI_FIT201.Pv, 2.42194, 30/6/2015 5:49:50 PM, False, Not Annotated, False
D8CF2232, SWAT_SUTD:RSLinx Enterprise:P2.HMI_FIT201.Pv, 2.42194, 30/6/2015 5:49:51 PM, False, Not Annotated, False
D8CF2232, SWAT_SUTD:RSLinx Enterprise:P2.HMI_FIT201.Pv, 2.42194, 30/6/2015 5:49:52 PM, False, Not Annotated, False
D8CF2232, SWAT_SUTD:RSLinx Enterprise:P2.HMI_FIT201.Pv, 2.418608, 30/6/2015 5:49:53 PM, False, Not Annotated, False
D8CF2232, SWAT_SUTD:RSLinx Enterprise:P2.HMI_FIT201.Pv, 2.417326, 30/6/2015 5:49:54 PM, False, Not Annotated, False
D8CF2232, SWAT_SUTD:RSLinx Enterprise:P2.HMI_FIT201.Pv, 2.417326, 30/6/2015 5:49:55 PM, False, Not Annotated, False
D8CF2232, SWAT_SUTD:RSLinx Enterprise:P2.HMI_FIT201.Pv, 2.418736, 30/6/2015 5:49:56 PM, False, Not Annotated, False
D8CF2232, SWAT_SUTD:RSLinx Enterprise:P2.HMI_FIT201.Pv, 2.419505, 30/6/2015 5:49:57 PM, False, Not Annotated, False
D8CF2232, SWAT_SUTD:RSLinx Enterprise:P2.HMI_FIT201.Pv, 2.419505, 30/6/2015 5:49:58 PM, False, Not Annotated, False
D8CF2232, SWAT_SUTD:RSLinx Enterprise:P2.HMI_FIT201.Pv, 2.417198, 30/6/2015 5:49:59 PM, False, Not Annotated, False
D8CF2232, SWAT_SUTD:RSLinx Enterprise:P2.HMI_FIT201.Pv, 2.417198, 30/6/2015 5:50:00 PM, False, Not Annotated, False
D8CF2232, SWAT_SUTD:RSLinx Enterprise:P2.HMI_FIT201.Pv, 2.417198, 30/6/2015 5:50:01 PM, False, Not Annotated, False
D8CF2232, SWAT_SUTD:RSLinx Enterprise:P2.HMI_FIT201.Pv, 2.41912, 30/6/2015 5:50:02 PM, False, Not Annotated, False
D8CF2232, SWAT_SUTD:RSLinx Enterprise:P2.HMI_FIT201.Pv, 2.42053, 30/6/2015 5:50:03 PM, False, Not Annotated, False
D8CF2232, SWAT_SUTD:RSLinx Enterprise:P2.HMI_FIT201.Pv, 2.421683, 30/6/2015 5:50:04 PM, False, Not Annotated, False
D8CF2232, SWAT_SUTD:RSLinx Enterprise:P2.HMI_FIT201.Pv, 2.423606, 30/6/2015 5:50:05 PM, False, Not Annotated, False
D8CF2232, SWAT_SUTD:RSLinx Enterprise:P2.HMI_FIT201.Pv, 2.425656, 30/6/2015 5:50:06 PM, False, Not Annotated, False
D8CF2232, SWAT_SUTD:RSLinx Enterprise:P2.HMI_FIT201.Pv, 2.425656, 30/6/2015 5:50:07 PM, False, Not Annotated, False
D8CF2232, SWAT_SUTD:RSLinx Enterprise:P2.HMI_FIT201.Pv, 2.425656, 30/6/2015 5:50:08 PM, False, Not Annotated, False
D8CF2232, SWAT_SUTD:RSLinx Enterprise:P2.HMI_FIT201.Pv, 2.426809, 30/6/2015 5:50:09 PM, False, Not Annotated, False
D8CF2232, SWAT_SUTD:RSLinx Enterprise:P2.HMI_FIT201.Pv, 2.426809, 30/6/2015 5:50:10 PM, False, Not Annotated, False
D8CF2232, SWAT_SUTD:RSLinx Enterprise:P2.HMI_FIT201.Pv, 2.426809, 30/6/2015 5:50:11 PM, False, Not Annotated, False
D8CF2232, SWAT_SUTD:RSLinx Enterprise:P2.HMI_FIT201.Pv, 2.426809, 30/6/2015 5:50:12 PM, False, Not Annotated, False
D8CF2232, SWAT_SUTD:RSLinx Enterprise:P2.HMI_FIT201.Pv, 2.424503, 30/6/2015 5:50:13 PM, False, Not Annotated, False
D8CF2232, SWAT_SUTD:RSLinx Enterprise:P2.HMI_FIT201.Pv, 2.424375, 30/6/2015 5:50:14 PM, False, Not Annotated, False
D8CF2232, SWAT_SUTD:RSLinx Enterprise:P2.HMI_FIT201.Pv, 2.424375, 30/6/2015 5:50:15 PM, False, Not Annotated, False
D8CF2232, SWAT_SUTD:RSLinx Enterprise:P2.HMI_FIT201.Pv, 2.425015, 30/6/2015 5:50:16 PM, False, Not Annotated, False
D8CF2232, SWAT_SUTD:RSLinx Enterprise:P2.HMI_FIT201.Pv, 2.423606, 30/6/2015 5:50:17 PM, False, Not Annotated, False
D8CF2232, SWAT_SUTD:RSLinx Enterprise:P2.HMI_FIT201.Pv, 2.421427, 30/6/2015 5:50:18 PM, False, Not Annotated, False
D8CF2232, SWAT_SUTD:RSLinx Enterprise:P2.HMI_FIT201.Pv, 2.419248, 30/6/2015 5:50:19 PM, False, Not Annotated, False
D8CF2232, SWAT_SUTD:RSLinx Enterprise:P2.HMI_FIT201.Pv, 2.418736, 30/6/2015 5:50:20 PM, False, Not Annotated, False
D8CF2232, SWAT_SUTD:RSLinx Enterprise:P2.HMI_FIT201.Pv, 2.417198, 30/6/2015 5:50:21 PM, False, Not Annotated, False
D8CF2232, SWAT_SUTD:RSLinx Enterprise:P2.HMI_FIT201.Pv, 2.41566, 30/6/2015 5:50:22 PM, False, Not Annotated, False
D8CF2232, SWAT_SUTD:RSLinx Enterprise:P2.HMI_FIT201.Pv, 2.41566, 30/6/2015 5:50:23 PM, False, Not Annotated, False
D8CF2232, SWAT_SUTD:RSLinx Enterprise:P2.HMI_FIT201.Pv, 2.413738, 30/6/2015 5:50:24 PM, False, Not Annotated, False
D8CF2232, SWAT_SUTD:RSLinx Enterprise:P2.HMI_FIT201.Pv, 2.413738, 30/6/2015 5:50:25 PM, False, Not Annotated, False
D8CF2232, SWAT_SUTD:RSLinx Enterprise:P2.HMI_FIT201.Pv, 2.416173, 30/6/2015 5:50:26 PM, False, Not Annotated, False
D8CF2232, SWAT_SUTD:RSLinx Enterprise:P2.HMI_FIT201.Pv, 2.418864, 30/6/2015 5:50:27 PM, False, Not Annotated, False
D8CF2232, SWAT_SUTD:RSLinx Enterprise:P2.HMI_FIT201.Pv, 2.421299, 30/6/2015 5:50:28 PM, False, Not Annotated, False
D8CF2232, SWAT_SUTD:RSLinx Enterprise:P2.HMI_FIT201.Pv, 2.421299, 30/6/2015 5:50:29 PM, False, Not Annotated, False
D8CF2232, SWAT_SUTD:RSLinx Enterprise:P2.HMI_FIT201.Pv, 2.421299, 30/6/2015 5:50:30 PM, False, Not Annotated, False
D8CF2232, SWAT_SUTD:RSLinx Enterprise:P2.HMI_FIT201.Pv, 2.421299, 30/6/2015 5:50:31 PM, False, Not Annotated, False
D8CF2232, SWAT_SUTD:RSLinx Enterprise:P2.HMI_FIT201.Pv, 2.421299, 30/6/2015 5:50:32 PM, False, Not Annotated, False
D8CF2232, SWAT_SUTD:RSLinx Enterprise:P2.HMI_FIT201.Pv, 2.419761, 30/6/2015 5:50:33 PM, False, Not Annotated, False
D8CF2232, SWAT_SUTD:RSLinx Enterprise:P2.HMI_FIT201.Pv, 2.419761, 30/6/2015 5:50:34 PM, False, Not Annotated, False
D8CF2232, SWAT_SUTD:RSLinx Enterprise:P2.HMI_FIT201.Pv, 2.418223, 30/6/2015 5:50:35 PM, False, Not Annotated, False
D8CF2232, SWAT_SUTD:RSLinx Enterprise:P2.HMI_FIT201.Pv, 2.417967, 30/6/2015 5:50:36 PM, False, Not Annotated, False
D8CF2232, SWAT_SUTD:RSLinx Enterprise:P2.HMI_FIT201.Pv, 2.417454, 30/6/2015 5:50:37 PM, False, Not Annotated, False
D8CF2232, SWAT_SUTD:RSLinx Enterprise:P2.HMI_FIT201.Pv, 2.417454, 30/6/2015 5:50:38 PM, False, Not Annotated, False
D8CF2232, SWAT_SUTD:RSLinx Enterprise:P2.HMI_FIT201.Pv, 2.419761, 30/6/2015 5:50:39 PM, False, Not Annotated, False
D8CF2232, SWAT_SUTD:RSLinx Enterprise:P2.HMI_FIT201.Pv, 2.421427, 30/6/2015 5:50:40 PM, False, Not Annotated, False
D8CF2232, SWAT_SUTD:RSLinx Enterprise:P2.HMI_FIT201.Pv, 2.421427, 30/6/2015 5:50:41 PM, False, Not Annotated, False
D8CF2232, SWAT_SUTD:RSLinx Enterprise:P2.HMI_FIT201.Pv, 2.421427, 30/6/2015 5:50:42 PM, False, Not Annotated, False
D8CF2232, SWAT_SUTD:RSLinx Enterprise:P2.HMI_FIT201.Pv, 2.421427, 30/6/2015 5:50:43 PM, False, Not Annotated, False
D8CF2232, SWAT_SUTD:RSLinx Enterprise:P2.HMI_FIT201.Pv, 2.421427, 30/6/2015 5:50:44 PM, False, Not Annotated, False
D8CF2232, SWAT_SUTD:RSLinx Enterprise:P2.HMI_FIT201.Pv, 2.420658, 30/6/2015 5:50:45 PM, False, Not Annotated, False
D8CF2232, SWAT_SUTD:RSLinx Enterprise:P2.HMI_FIT201.Pv, 2.420658, 30/6/2015 5:50:46 PM, False, Not Annotated, False
D8CF2232, SWAT_SUTD:RSLinx Enterprise:P2.HMI_FIT201.Pv, 2.420658, 30/6/2015 5:50:47 PM, False, Not Annotated, False
D8CF2232, SWAT_SUTD:RSLinx Enterprise:P2.HMI_FIT201.Pv, 2.420658, 30/6/2015 5:50:48 PM, False, Not Annotated, False
D8CF2232, SWAT_SUTD:RSLinx Enterprise:P2.HMI_FIT201.Pv, 2.419889, 30/6/2015 5:50:49 PM, False, Not Annotated, False
D8CF2232, SWAT_SUTD:RSLinx Enterprise:P2.HMI_FIT201.Pv, 2.419889, 30/6/2015 5:50:50 PM, False, Not Annotated, False
D8CF2232, SWAT_SUTD:RSLinx Enterprise:P2.HMI_FIT201.Pv, 2.421299, 30/6/2015 5:50:51 PM, False, Not Annotated, False
D8CF2232, SWAT_SUTD:RSLinx Enterprise:P2.HMI_FIT201.Pv, 2.422452, 30/6/2015 5:50:52 PM, False, Not Annotated, False
D8CF2232, SWAT_SUTD:RSLinx Enterprise:P2.HMI_FIT201.Pv, 2.422452, 30/6/2015 5:50:53 PM, False, Not Annotated, False
D8CF2232, SWAT_SUTD:RSLinx Enterprise:P2.HMI_FIT201.Pv, 2.42258, 30/6/2015 5:50:54 PM, False, Not Annotated, False
D8CF2232, SWAT_SUTD:RSLinx Enterprise:P2.HMI_FIT201.Pv, 2.42399, 30/6/2015 5:50:55 PM, False, Not Annotated, False
D8CF2232, SWAT_SUTD:RSLinx Enterprise:P2.HMI_FIT201.Pv, 2.425912, 30/6/2015 5:50:56 PM, False, Not Annotated, False
D8CF2232, SWAT_SUTD:RSLinx Enterprise:P2.HMI_FIT201.Pv, 2.425912, 30/6/2015 5:50:57 PM, False, Not Annotated, False
D8CF2232, SWAT_SUTD:RSLinx Enterprise:P2.HMI_FIT201.Pv, 2.425912, 30/6/2015 5:50:58 PM, False, Not Annotated, False
D8CF2232, SWAT_SUTD:RSLinx Enterprise:P2.HMI_FIT201.Pv, 2.424631, 30/6/2015 5:50:59 PM, False, Not Annotated, False
D8CF2232, SWAT_SUTD:RSLinx Enterprise:P2.HMI_FIT201.Pv, 2.423734, 30/6/2015 5:51:00 PM, False, Not Annotated, False
D8CF2232, SWAT_SUTD:RSLinx Enterprise:P2.HMI_FIT201.Pv, 2.419889, 30/6/2015 5:51:01 PM, False, Not Annotated, False
D8CF2232, SWAT_SUTD:RSLinx Enterprise:P2.HMI_FIT201.Pv, 2.419889, 30/6/2015 5:51:02 PM, False, Not Annotated, False
D8CF2232, SWAT_SUTD:RSLinx Enterprise:P2.HMI_FIT201.Pv, 2.419889, 30/6/2015 5:51:03 PM, False, Not Annotated, False
D8CF2232, SWAT_SUTD:RSLinx Enterprise:P2.HMI_FIT201.Pv, 2.419889, 30/6/2015 5:51:04 PM, False, Not Annotated, False
D8CF2232, SWAT_SUTD:RSLinx Enterprise:P2.HMI_FIT201.Pv, 2.418479, 30/6/2015 5:51:05 PM, False, Not Annotated, False
D8CF2232, SWAT_SUTD:RSLinx Enterprise:P2.HMI_FIT201.Pv, 2.418479, 30/6/2015 5:51:06 PM, False, Not Annotated, False
D8CF2232, SWAT_SUTD:RSLinx Enterprise:P2.HMI_FIT201.Pv, 2.418479, 30/6/2015 5:51:07 PM, False, Not Annotated, False
D8CF2232, SWAT_SUTD:RSLinx Enterprise:P2.HMI_FIT201.Pv, 2.418479, 30/6/2015 5:51:08 PM, False, Not Annotated, False
D8CF2232, SWAT_SUTD:RSLinx Enterprise:P2.HMI_FIT201.Pv, 2.419248, 30/6/2015 5:51:09 PM, False, Not Annotated, False
D8CF2232, SWAT_SUTD:RSLinx Enterprise:P2.HMI_FIT201.Pv, 2.419377, 30/6/2015 5:51:10 PM, False, Not Annotated, False
D8CF2232, SWAT_SUTD:RSLinx Enterprise:P2.HMI_FIT201.Pv, 2.420017, 30/6/2015 5:51:11 PM, False, Not Annotated, False
D8CF2232, SWAT_SUTD:RSLinx Enterprise:P2.HMI_FIT201.Pv, 2.421299, 30/6/2015 5:51:12 PM, False, Not Annotated, False
D8CF2232, SWAT_SUTD:RSLinx Enterprise:P2.HMI_FIT201.Pv, 2.421299, 30/6/2015 5:51:13 PM, False, Not Annotated, False
D8CF2232, SWAT_SUTD:RSLinx Enterprise:P2.HMI_FIT201.Pv, 2.421299, 30/6/2015 5:51:14 PM, False, Not Annotated, False
D8CF2232, SWAT_SUTD:RSLinx Enterprise:P2.HMI_FIT201.Pv, 2.418223, 30/6/2015 5:51:15 PM, False, Not Annotated, False
D8CF2232, SWAT_SUTD:RSLinx Enterprise:P2.HMI_FIT201.Pv, 2.418223, 30/6/2015 5:51:16 PM, False, Not Annotated, False
D8CF2232, SWAT_SUTD:RSLinx Enterprise:P2.HMI_FIT201.Pv, 2.418223, 30/6/2015 5:51:17 PM, False, Not Annotated, False
D8CF2232, SWAT_SUTD:RSLinx Enterprise:P2.HMI_FIT201.Pv, 2.42053, 30/6/2015 5:51:18 PM, False, Not Annotated, False
D8CF2232, SWAT_SUTD:RSLinx Enterprise:P2.HMI_FIT201.Pv, 2.42053, 30/6/2015 5:51:19 PM, False, Not Annotated, False
D8CF2232, SWAT_SUTD:RSLinx Enterprise:P2.HMI_FIT201.Pv, 2.418864, 30/6/2015 5:51:20 PM, False, Not Annotated, False
D8CF2232, SWAT_SUTD:RSLinx Enterprise:P2.HMI_FIT201.Pv, 2.417454, 30/6/2015 5:51:21 PM, False, Not Annotated, False
D8CF2232, SWAT_SUTD:RSLinx Enterprise:P2.HMI_FIT201.Pv, 2.417454, 30/6/2015 5:51:22 PM, False, Not Annotated, False
D8CF2232, SWAT_SUTD:RSLinx Enterprise:P2.HMI_FIT201.Pv, 2.419248, 30/6/2015 5:51:23 PM, False, Not Annotated, False
D8CF2232, SWAT_SUTD:RSLinx Enterprise:P2.HMI_FIT201.Pv, 2.419248, 30/6/2015 5:51:24 PM, False, Not Annotated, False
D8CF2232, SWAT_SUTD:RSLinx Enterprise:P2.HMI_FIT201.Pv, 2.419248, 30/6/2015 5:51:25 PM, False, Not Annotated, False
D8CF2232, SWAT_SUTD:RSLinx Enterprise:P2.HMI_FIT201.Pv, 2.418479, 30/6/2015 5:51:26 PM, False, Not Annotated, False
D8CF2232, SWAT_SUTD:RSLinx Enterprise:P2.HMI_FIT201.Pv, 2.416942, 30/6/2015 5:51:27 PM, False, Not Annotated, False
D8CF2232, SWAT_SUTD:RSLinx Enterprise:P2.HMI_FIT201.Pv, 2.416942, 30/6/2015 5:51:28 PM, False, Not Annotated, False
D8CF2232, SWAT_SUTD:RSLinx Enterprise:P2.HMI_FIT201.Pv, 2.416942, 30/6/2015 5:51:29 PM, False, Not Annotated, False
D8CF2232, SWAT_SUTD:RSLinx Enterprise:P2.HMI_FIT201.Pv, 2.416942, 30/6/2015 5:51:30 PM, False, Not Annotated, False
D8CF2232, SWAT_SUTD:RSLinx Enterprise:P2.HMI_FIT201.Pv, 2.417583, 30/6/2015 5:51:31 PM, False, Not Annotated, False
D8CF2232, SWAT_SUTD:RSLinx Enterprise:P2.HMI_FIT201.Pv, 2.41912, 30/6/2015 5:51:32 PM, False, Not Annotated, False
D8CF2232, SWAT_SUTD:RSLinx Enterprise:P2.HMI_FIT201.Pv, 2.419505, 30/6/2015 5:51:33 PM, False, Not Annotated, False
D8CF2232, SWAT_SUTD:RSLinx Enterprise:P2.HMI_FIT201.Pv, 2.420658, 30/6/2015 5:51:34 PM, False, Not Annotated, False
D8CF2232, SWAT_SUTD:RSLinx Enterprise:P2.HMI_FIT201.Pv, 2.422965, 30/6/2015 5:51:35 PM, False, Not Annotated, False
D8CF2232, SWAT_SUTD:RSLinx Enterprise:P2.HMI_FIT201.Pv, 2.422965, 30/6/2015 5:51:36 PM, False, Not Annotated, False
D8CF2232, SWAT_SUTD:RSLinx Enterprise:P2.HMI_FIT201.Pv, 2.420017, 30/6/2015 5:51:37 PM, False, Not Annotated, False
D8CF2232, SWAT_SUTD:RSLinx Enterprise:P2.HMI_FIT201.Pv, 2.41912, 30/6/2015 5:51:38 PM, False, Not Annotated, False
D8CF2232, SWAT_SUTD:RSLinx Enterprise:P2.HMI_FIT201.Pv, 2.418223, 30/6/2015 5:51:39 PM, False, Not Annotated, False
D8CF2232, SWAT_SUTD:RSLinx Enterprise:P2.HMI_FIT201.Pv, 2.418223, 30/6/2015 5:51:40 PM, False, Not Annotated, False
D8CF2232, SWAT_SUTD:RSLinx Enterprise:P2.HMI_FIT201.Pv, 2.418223, 30/6/2015 5:51:41 PM, False, Not Annotated, False
D8CF2232, SWAT_SUTD:RSLinx Enterprise:P2.HMI_FIT201.Pv, 2.418223, 30/6/2015 5:51:42 PM, False, Not Annotated, False
D8CF2232, SWAT_SUTD:RSLinx Enterprise:P2.HMI_FIT201.Pv, 2.416685, 30/6/2015 5:51:43 PM, False, Not Annotated, False
D8CF2232, SWAT_SUTD:RSLinx Enterprise:P2.HMI_FIT201.Pv, 2.416685, 30/6/2015 5:51:44 PM, False, Not Annotated, False
D8CF2232, SWAT_SUTD:RSLinx Enterprise:P2.HMI_FIT201.Pv, 2.416685, 30/6/2015 5:51:45 PM, False, Not Annotated, False
D8CF2232, SWAT_SUTD:RSLinx Enterprise:P2.HMI_FIT201.Pv, 2.417454, 30/6/2015 5:51:46 PM, False, Not Annotated, False
D8CF2232, SWAT_SUTD:RSLinx Enterprise:P2.HMI_FIT201.Pv, 2.41912, 30/6/2015 5:51:47 PM, False, Not Annotated, False
D8CF2232, SWAT_SUTD:RSLinx Enterprise:P2.HMI_FIT201.Pv, 2.421042, 30/6/2015 5:51:48 PM, False, Not Annotated, False
D8CF2232, SWAT_SUTD:RSLinx Enterprise:P2.HMI_FIT201.Pv, 2.421042, 30/6/2015 5:51:49 PM, False, Not Annotated, False
D8CF2232, SWAT_SUTD:RSLinx Enterprise:P2.HMI_FIT201.Pv, 2.421042, 30/6/2015 5:51:50 PM, False, Not Annotated, False
D8CF2232, SWAT_SUTD:RSLinx Enterprise:P2.HMI_FIT201.Pv, 2.418223, 30/6/2015 5:51:51 PM, False, Not Annotated, False
D8CF2232, SWAT_SUTD:RSLinx Enterprise:P2.HMI_FIT201.Pv, 2.417967, 30/6/2015 5:51:52 PM, False, Not Annotated, False
D8CF2232, SWAT_SUTD:RSLinx Enterprise:P2.HMI_FIT201.Pv, 2.417967, 30/6/2015 5:51:53 PM, False, Not Annotated, False
D8CF2232, SWAT_SUTD:RSLinx Enterprise:P2.HMI_FIT201.Pv, 2.42053, 30/6/2015 5:51:54 PM, False, Not Annotated, False
D8CF2232, SWAT_SUTD:RSLinx Enterprise:P2.HMI_FIT201.Pv, 2.42053, 30/6/2015 5:51:55 PM, False, Not Annotated, False
D8CF2232, SWAT_SUTD:RSLinx Enterprise:P2.HMI_FIT201.Pv, 2.42053, 30/6/2015 5:51:56 PM, False, Not Annotated, False
D8CF2232, SWAT_SUTD:RSLinx Enterprise:P2.HMI_FIT201.Pv, 2.419248, 30/6/2015 5:51:57 PM, False, Not Annotated, False
D8CF2232, SWAT_SUTD:RSLinx Enterprise:P2.HMI_FIT201.Pv, 2.418608, 30/6/2015 5:51:58 PM, False, Not Annotated, False
D8CF2232, SWAT_SUTD:RSLinx Enterprise:P2.HMI_FIT201.Pv, 2.418608, 30/6/2015 5:51:59 PM, False, Not Annotated, False
D8CF2232, SWAT_SUTD:RSLinx Enterprise:P2.HMI_FIT201.Pv, 2.418608, 30/6/2015 5:52:00 PM, False, Not Annotated, False
D8CF2232, SWAT_SUTD:RSLinx Enterprise:P2.HMI_FIT201.Pv, 2.420017, 30/6/2015 5:52:01 PM, False, Not Annotated, False
D8CF2232, SWAT_SUTD:RSLinx Enterprise:P2.HMI_FIT201.Pv, 2.421811, 30/6/2015 5:52:02 PM, False, Not Annotated, False
D8CF2232, SWAT_SUTD:RSLinx Enterprise:P2.HMI_FIT201.Pv, 2.421811, 30/6/2015 5:52:03 PM, False, Not Annotated, False
D8CF2232, SWAT_SUTD:RSLinx Enterprise:P2.HMI_FIT201.Pv, 2.421811, 30/6/2015 5:52:04 PM, False, Not Annotated, False
D8CF2232, SWAT_SUTD:RSLinx Enterprise:P2.HMI_FIT201.Pv, 2.420658, 30/6/2015 5:52:05 PM, False, Not Annotated, False
D8CF2232, SWAT_SUTD:RSLinx Enterprise:P2.HMI_FIT201.Pv, 2.420658, 30/6/2015 5:52:06 PM, False, Not Annotated, False
D8CF2232, SWAT_SUTD:RSLinx Enterprise:P2.HMI_FIT201.Pv, 2.420658, 30/6/2015 5:52:07 PM, False, Not Annotated, False
D8CF2232, SWAT_SUTD:RSLinx Enterprise:P2.HMI_FIT201.Pv, 2.424631, 30/6/2015 5:52:08 PM, False, Not Annotated, False
D8CF2232, SWAT_SUTD:RSLinx Enterprise:P2.HMI_FIT201.Pv, 2.424631, 30/6/2015 5:52:09 PM, False, Not Annotated, False
D8CF2232, SWAT_SUTD:RSLinx Enterprise:P2.HMI_FIT201.Pv, 2.421427, 30/6/2015 5:52:10 PM, False, Not Annotated, False
D8CF2232, SWAT_SUTD:RSLinx Enterprise:P2.HMI_FIT201.Pv, 2.421171, 30/6/2015 5:52:11 PM, False, Not Annotated, False
D8CF2232, SWAT_SUTD:RSLinx Enterprise:P2.HMI_FIT201.Pv, 2.421171, 30/6/2015 5:52:12 PM, False, Not Annotated, False
D8CF2232, SWAT_SUTD:RSLinx Enterprise:P2.HMI_FIT201.Pv, 2.421171, 30/6/2015 5:52:13 PM, False, Not Annotated, False
D8CF2232, SWAT_SUTD:RSLinx Enterprise:P2.HMI_FIT201.Pv, 2.422709, 30/6/2015 5:52:14 PM, False, Not Annotated, False
D8CF2232, SWAT_SUTD:RSLinx Enterprise:P2.HMI_FIT201.Pv, 2.422709, 30/6/2015 5:52:15 PM, False, Not Annotated, False
D8CF2232, SWAT_SUTD:RSLinx Enterprise:P2.HMI_FIT201.Pv, 2.420402, 30/6/2015 5:52:16 PM, False, Not Annotated, False
D8CF2232, SWAT_SUTD:RSLinx Enterprise:P2.HMI_FIT201.Pv, 2.420402, 30/6/2015 5:52:17 PM, False, Not Annotated, False
D8CF2232, SWAT_SUTD:RSLinx Enterprise:P2.HMI_FIT201.Pv, 2.420402, 30/6/2015 5:52:18 PM, False, Not Annotated, False
D8CF2232, SWAT_SUTD:RSLinx Enterprise:P2.HMI_FIT201.Pv, 2.420402, 30/6/2015 5:52:19 PM, False, Not Annotated, False
D8CF2232, SWAT_SUTD:RSLinx Enterprise:P2.HMI_FIT201.Pv, 2.420402, 30/6/2015 5:52:20 PM, False, Not Annotated, False
D8CF2232, SWAT_SUTD:RSLinx Enterprise:P2.HMI_FIT201.Pv, 2.420402, 30/6/2015 5:52:21 PM, False, Not Annotated, False
D8CF2232, SWAT_SUTD:RSLinx Enterprise:P2.HMI_FIT201.Pv, 2.420402, 30/6/2015 5:52:22 PM, False, Not Annotated, False
D8CF2232, SWAT_SUTD:RSLinx Enterprise:P2.HMI_FIT201.Pv, 2.420402, 30/6/2015 5:52:23 PM, False, Not Annotated, False
D8CF2232, SWAT_SUTD:RSLinx Enterprise:P2.HMI_FIT201.Pv, 2.420402, 30/6/2015 5:52:24 PM, False, Not Annotated, False
D8CF2232, SWAT_SUTD:RSLinx Enterprise:P2.HMI_FIT201.Pv, 2.420402, 30/6/2015 5:52:25 PM, False, Not Annotated, False
D8CF2232, SWAT_SUTD:RSLinx Enterprise:P2.HMI_FIT201.Pv, 2.418223, 30/6/2015 5:52:26 PM, False, Not Annotated, False
D8CF2232, SWAT_SUTD:RSLinx Enterprise:P2.HMI_FIT201.Pv, 2.418223, 30/6/2015 5:52:27 PM, False, Not Annotated, False
D8CF2232, SWAT_SUTD:RSLinx Enterprise:P2.HMI_FIT201.Pv, 2.418223, 30/6/2015 5:52:28 PM, False, Not Annotated, False
D8CF2232, SWAT_SUTD:RSLinx Enterprise:P2.HMI_FIT201.Pv, 2.418223, 30/6/2015 5:52:29 PM, False, Not Annotated, False
D8CF2232, SWAT_SUTD:RSLinx Enterprise:P2.HMI_FIT201.Pv, 2.418223, 30/6/2015 5:52:30 PM, False, Not Annotated, False
D8CF2232, SWAT_SUTD:RSLinx Enterprise:P2.HMI_FIT201.Pv, 2.417198, 30/6/2015 5:52:31 PM, False, Not Annotated, False
D8CF2232, SWAT_SUTD:RSLinx Enterprise:P2.HMI_FIT201.Pv, 2.417198, 30/6/2015 5:52:32 PM, False, Not Annotated, False
D8CF2232, SWAT_SUTD:RSLinx Enterprise:P2.HMI_FIT201.Pv, 2.418864, 30/6/2015 5:52:33 PM, False, Not Annotated, False
D8CF2232, SWAT_SUTD:RSLinx Enterprise:P2.HMI_FIT201.Pv, 2.42053, 30/6/2015 5:52:34 PM, False, Not Annotated, False
D8CF2232, SWAT_SUTD:RSLinx Enterprise:P2.HMI_FIT201.Pv, 2.42053, 30/6/2015 5:52:35 PM, False, Not Annotated, False
D8CF2232, SWAT_SUTD:RSLinx Enterprise:P2.HMI_FIT201.Pv, 2.42053, 30/6/2015 5:52:36 PM, False, Not Annotated, False
D8CF2232, SWAT_SUTD:RSLinx Enterprise:P2.HMI_FIT201.Pv, 2.42053, 30/6/2015 5:52:37 PM, False, Not Annotated, False
D8CF2232, SWAT_SUTD:RSLinx Enterprise:P2.HMI_FIT201.Pv, 2.42053, 30/6/2015 5:52:38 PM, False, Not Annotated, False
D8CF2232, SWAT_SUTD:RSLinx Enterprise:P2.HMI_FIT201.Pv, 2.42053, 30/6/2015 5:52:39 PM, False, Not Annotated, False
D8CF2232, SWAT_SUTD:RSLinx Enterprise:P2.HMI_FIT201.Pv, 2.417967, 30/6/2015 5:52:40 PM, False, Not Annotated, False
D8CF2232, SWAT_SUTD:RSLinx Enterprise:P2.HMI_FIT201.Pv, 2.416557, 30/6/2015 5:52:41 PM, False, Not Annotated, False
D8CF2232, SWAT_SUTD:RSLinx Enterprise:P2.HMI_FIT201.Pv, 2.416557, 30/6/2015 5:52:42 PM, False, Not Annotated, False
D8CF2232, SWAT_SUTD:RSLinx Enterprise:P2.HMI_FIT201.Pv, 2.420402, 30/6/2015 5:52:43 PM, False, Not Annotated, False
D8CF2232, SWAT_SUTD:RSLinx Enterprise:P2.HMI_FIT201.Pv, 2.421299, 30/6/2015 5:52:44 PM, False, Not Annotated, False
D8CF2232, SWAT_SUTD:RSLinx Enterprise:P2.HMI_FIT201.Pv, 2.421299, 30/6/2015 5:52:45 PM, False, Not Annotated, False
D8CF2232, SWAT_SUTD:RSLinx Enterprise:P2.HMI_FIT201.Pv, 2.421299, 30/6/2015 5:52:46 PM, False, Not Annotated, False
D8CF2232, SWAT_SUTD:RSLinx Enterprise:P2.HMI_FIT201.Pv, 2.421299, 30/6/2015 5:52:47 PM, False, Not Annotated, False
D8CF2232, SWAT_SUTD:RSLinx Enterprise:P2.HMI_FIT201.Pv, 2.421299, 30/6/2015 5:52:48 PM, False, Not Annotated, False
D8CF2232, SWAT_SUTD:RSLinx Enterprise:P2.HMI_FIT201.Pv, 2.420146, 30/6/2015 5:52:49 PM, False, Not Annotated, False
D8CF2232, SWAT_SUTD:RSLinx Enterprise:P2.HMI_FIT201.Pv, 2.417583, 30/6/2015 5:52:50 PM, False, Not Annotated, False
D8CF2232, SWAT_SUTD:RSLinx Enterprise:P2.HMI_FIT201.Pv, 2.417583, 30/6/2015 5:52:51 PM, False, Not Annotated, False
D8CF2232, SWAT_SUTD:RSLinx Enterprise:P2.HMI_FIT201.Pv, 2.417583, 30/6/2015 5:52:52 PM, False, Not Annotated, False
D8CF2232, SWAT_SUTD:RSLinx Enterprise:P2.HMI_FIT201.Pv, 2.417583, 30/6/2015 5:52:53 PM, False, Not Annotated, False
D8CF2232, SWAT_SUTD:RSLinx Enterprise:P2.HMI_FIT201.Pv, 2.417583, 30/6/2015 5:52:54 PM, False, Not Annotated, False
D8CF2232, SWAT_SUTD:RSLinx Enterprise:P2.HMI_FIT201.Pv, 2.420017, 30/6/2015 5:52:55 PM, False, Not Annotated, False
D8CF2232, SWAT_SUTD:RSLinx Enterprise:P2.HMI_FIT201.Pv, 2.421299, 30/6/2015 5:52:56 PM, False, Not Annotated, False
D8CF2232, SWAT_SUTD:RSLinx Enterprise:P2.HMI_FIT201.Pv, 2.421299, 30/6/2015 5:52:57 PM, False, Not Annotated, False
D8CF2232, SWAT_SUTD:RSLinx Enterprise:P2.HMI_FIT201.Pv, 2.421299, 30/6/2015 5:52:58 PM, False, Not Annotated, False
D8CF2232, SWAT_SUTD:RSLinx Enterprise:P2.HMI_FIT201.Pv, 2.421299, 30/6/2015 5:52:59 PM, False, Not Annotated, False
D8CF2232, SWAT_SUTD:RSLinx Enterprise:P2.HMI_FIT201.Pv, 2.420402, 30/6/2015 5:53:00 PM, False, Not Annotated, False
D8CF2232, SWAT_SUTD:RSLinx Enterprise:P2.HMI_FIT201.Pv, 2.419248, 30/6/2015 5:53:01 PM, False, Not Annotated, False
D8CF2232, SWAT_SUTD:RSLinx Enterprise:P2.HMI_FIT201.Pv, 2.418864, 30/6/2015 5:53:02 PM, False, Not Annotated, False
D8CF2232, SWAT_SUTD:RSLinx Enterprise:P2.HMI_FIT201.Pv, 2.418223, 30/6/2015 5:53:03 PM, False, Not Annotated, False
D8CF2232, SWAT_SUTD:RSLinx Enterprise:P2.HMI_FIT201.Pv, 2.418223, 30/6/2015 5:53:04 PM, False, Not Annotated, False
D8CF2232, SWAT_SUTD:RSLinx Enterprise:P2.HMI_FIT201.Pv, 2.419889, 30/6/2015 5:53:05 PM, False, Not Annotated, False
D8CF2232, SWAT_SUTD:RSLinx Enterprise:P2.HMI_FIT201.Pv, 2.419889, 30/6/2015 5:53:06 PM, False, Not Annotated, False
D8CF2232, SWAT_SUTD:RSLinx Enterprise:P2.HMI_FIT201.Pv, 2.42053, 30/6/2015 5:53:07 PM, False, Not Annotated, False
D8CF2232, SWAT_SUTD:RSLinx Enterprise:P2.HMI_FIT201.Pv, 2.421683, 30/6/2015 5:53:08 PM, False, Not Annotated, False
D8CF2232, SWAT_SUTD:RSLinx Enterprise:P2.HMI_FIT201.Pv, 2.421683, 30/6/2015 5:53:09 PM, False, Not Annotated, False
D8CF2232, SWAT_SUTD:RSLinx Enterprise:P2.HMI_FIT201.Pv, 2.421683, 30/6/2015 5:53:10 PM, False, Not Annotated, False
D8CF2232, SWAT_SUTD:RSLinx Enterprise:P2.HMI_FIT201.Pv, 2.421683, 30/6/2015 5:53:11 PM, False, Not Annotated, False
D8CF2232, SWAT_SUTD:RSLinx Enterprise:P2.HMI_FIT201.Pv, 2.417967, 30/6/2015 5:53:12 PM, False, Not Annotated, False
D8CF2232, SWAT_SUTD:RSLinx Enterprise:P2.HMI_FIT201.Pv, 2.415276, 30/6/2015 5:53:13 PM, False, Not Annotated, False
D8CF2232, SWAT_SUTD:RSLinx Enterprise:P2.HMI_FIT201.Pv, 2.414763, 30/6/2015 5:53:14 PM, False, Not Annotated, False
D8CF2232, SWAT_SUTD:RSLinx Enterprise:P2.HMI_FIT201.Pv, 2.414763, 30/6/2015 5:53:15 PM, False, Not Annotated, False
D8CF2232, SWAT_SUTD:RSLinx Enterprise:P2.HMI_FIT201.Pv, 2.416301, 30/6/2015 5:53:16 PM, False, Not Annotated, False
D8CF2232, SWAT_SUTD:RSLinx Enterprise:P2.HMI_FIT201.Pv, 2.416301, 30/6/2015 5:53:17 PM, False, Not Annotated, False
D8CF2232, SWAT_SUTD:RSLinx Enterprise:P2.HMI_FIT201.Pv, 2.418864, 30/6/2015 5:53:18 PM, False, Not Annotated, False
D8CF2232, SWAT_SUTD:RSLinx Enterprise:P2.HMI_FIT201.Pv, 2.418864, 30/6/2015 5:53:19 PM, False, Not Annotated, False
D8CF2232, SWAT_SUTD:RSLinx Enterprise:P2.HMI_FIT201.Pv, 2.418864, 30/6/2015 5:53:20 PM, False, Not Annotated, False
D8CF2232, SWAT_SUTD:RSLinx Enterprise:P2.HMI_FIT201.Pv, 2.421171, 30/6/2015 5:53:21 PM, False, Not Annotated, False
D8CF2232, SWAT_SUTD:RSLinx Enterprise:P2.HMI_FIT201.Pv, 2.422965, 30/6/2015 5:53:22 PM, False, Not Annotated, False
D8CF2232, SWAT_SUTD:RSLinx Enterprise:P2.HMI_FIT201.Pv, 2.423734, 30/6/2015 5:53:23 PM, False, Not Annotated, False
D8CF2232, SWAT_SUTD:RSLinx Enterprise:P2.HMI_FIT201.Pv, 2.423221, 30/6/2015 5:53:24 PM, False, Not Annotated, False
D8CF2232, SWAT_SUTD:RSLinx Enterprise:P2.HMI_FIT201.Pv, 2.421811, 30/6/2015 5:53:25 PM, False, Not Annotated, False
D8CF2232, SWAT_SUTD:RSLinx Enterprise:P2.HMI_FIT201.Pv, 2.421683, 30/6/2015 5:53:26 PM, False, Not Annotated, False
D8CF2232, SWAT_SUTD:RSLinx Enterprise:P2.HMI_FIT201.Pv, 2.421683, 30/6/2015 5:53:27 PM, False, Not Annotated, False
D8CF2232, SWAT_SUTD:RSLinx Enterprise:P2.HMI_FIT201.Pv, 2.421171, 30/6/2015 5:53:28 PM, False, Not Annotated, False
D8CF2232, SWAT_SUTD:RSLinx Enterprise:P2.HMI_FIT201.Pv, 2.418864, 30/6/2015 5:53:29 PM, False, Not Annotated, False
D8CF2232, SWAT_SUTD:RSLinx Enterprise:P2.HMI_FIT201.Pv, 2.417454, 30/6/2015 5:53:30 PM, False, Not Annotated, False
D8CF2232, SWAT_SUTD:RSLinx Enterprise:P2.HMI_FIT201.Pv, 2.417454, 30/6/2015 5:53:31 PM, False, Not Annotated, False
D8CF2232, SWAT_SUTD:RSLinx Enterprise:P2.HMI_FIT201.Pv, 2.419505, 30/6/2015 5:53:32 PM, False, Not Annotated, False
D8CF2232, SWAT_SUTD:RSLinx Enterprise:P2.HMI_FIT201.Pv, 2.419505, 30/6/2015 5:53:33 PM, False, Not Annotated, False
D8CF2232, SWAT_SUTD:RSLinx Enterprise:P2.HMI_FIT201.Pv, 2.419505, 30/6/2015 5:53:34 PM, False, Not Annotated, False
D8CF2232, SWAT_SUTD:RSLinx Enterprise:P2.HMI_FIT201.Pv, 2.419505, 30/6/2015 5:53:35 PM, False, Not Annotated, False
D8CF2232, SWAT_SUTD:RSLinx Enterprise:P2.HMI_FIT201.Pv, 2.420146, 30/6/2015 5:53:36 PM, False, Not Annotated, False
D8CF2232, SWAT_SUTD:RSLinx Enterprise:P2.HMI_FIT201.Pv, 2.420146, 30/6/2015 5:53:37 PM, False, Not Annotated, False
D8CF2232, SWAT_SUTD:RSLinx Enterprise:P2.HMI_FIT201.Pv, 2.420146, 30/6/2015 5:53:38 PM, False, Not Annotated, False
D8CF2232, SWAT_SUTD:RSLinx Enterprise:P2.HMI_FIT201.Pv, 2.420146, 30/6/2015 5:53:39 PM, False, Not Annotated, False
D8CF2232, SWAT_SUTD:RSLinx Enterprise:P2.HMI_FIT201.Pv, 2.417967, 30/6/2015 5:53:40 PM, False, Not Annotated, False
D8CF2232, SWAT_SUTD:RSLinx Enterprise:P2.HMI_FIT201.Pv, 2.416814, 30/6/2015 5:53:41 PM, False, Not Annotated, False
D8CF2232, SWAT_SUTD:RSLinx Enterprise:P2.HMI_FIT201.Pv, 2.416814, 30/6/2015 5:53:42 PM, False, Not Annotated, False
D8CF2232, SWAT_SUTD:RSLinx Enterprise:P2.HMI_FIT201.Pv, 2.416814, 30/6/2015 5:53:43 PM, False, Not Annotated, False
D8CF2232, SWAT_SUTD:RSLinx Enterprise:P2.HMI_FIT201.Pv, 2.416814, 30/6/2015 5:53:44 PM, False, Not Annotated, False
D8CF2232, SWAT_SUTD:RSLinx Enterprise:P2.HMI_FIT201.Pv, 2.416814, 30/6/2015 5:53:45 PM, False, Not Annotated, False
D8CF2232, SWAT_SUTD:RSLinx Enterprise:P2.HMI_FIT201.Pv, 2.416814, 30/6/2015 5:53:46 PM, False, Not Annotated, False
D8CF2232, SWAT_SUTD:RSLinx Enterprise:P2.HMI_FIT201.Pv, 2.416814, 30/6/2015 5:53:47 PM, False, Not Annotated, False
D8CF2232, SWAT_SUTD:RSLinx Enterprise:P2.HMI_FIT201.Pv, 2.416814, 30/6/2015 5:53:48 PM, False, Not Annotated, False
D8CF2232, SWAT_SUTD:RSLinx Enterprise:P2.HMI_FIT201.Pv, 2.416814, 30/6/2015 5:53:49 PM, False, Not Annotated, False
D8CF2232, SWAT_SUTD:RSLinx Enterprise:P2.HMI_FIT201.Pv, 2.416814, 30/6/2015 5:53:50 PM, False, Not Annotated, False
D8CF2232, SWAT_SUTD:RSLinx Enterprise:P2.HMI_FIT201.Pv, 2.416814, 30/6/2015 5:53:51 PM, False, Not Annotated, False
D8CF2232, SWAT_SUTD:RSLinx Enterprise:P2.HMI_FIT201.Pv, 2.416814, 30/6/2015 5:53:52 PM, False, Not Annotated, False
D8CF2232, SWAT_SUTD:RSLinx Enterprise:P2.HMI_FIT201.Pv, 2.418095, 30/6/2015 5:53:53 PM, False, Not Annotated, False
D8CF2232, SWAT_SUTD:RSLinx Enterprise:P2.HMI_FIT201.Pv, 2.418608, 30/6/2015 5:53:54 PM, False, Not Annotated, False
D8CF2232, SWAT_SUTD:RSLinx Enterprise:P2.HMI_FIT201.Pv, 2.418736, 30/6/2015 5:53:55 PM, False, Not Annotated, False
D8CF2232, SWAT_SUTD:RSLinx Enterprise:P2.HMI_FIT201.Pv, 2.418736, 30/6/2015 5:53:56 PM, False, Not Annotated, False
D8CF2232, SWAT_SUTD:RSLinx Enterprise:P2.HMI_FIT201.Pv, 2.416557, 30/6/2015 5:53:57 PM, False, Not Annotated, False
D8CF2232, SWAT_SUTD:RSLinx Enterprise:P2.HMI_FIT201.Pv, 2.416557, 30/6/2015 5:53:58 PM, False, Not Annotated, False
D8CF2232, SWAT_SUTD:RSLinx Enterprise:P2.HMI_FIT201.Pv, 2.419761, 30/6/2015 5:53:59 PM, False, Not Annotated, False
D8CF2232, SWAT_SUTD:RSLinx Enterprise:P2.HMI_FIT201.Pv, 2.419761, 30/6/2015 5:54:00 PM, False, Not Annotated, False
D8CF2232, SWAT_SUTD:RSLinx Enterprise:P2.HMI_FIT201.Pv, 2.417198, 30/6/2015 5:54:01 PM, False, Not Annotated, False
D8CF2232, SWAT_SUTD:RSLinx Enterprise:P2.HMI_FIT201.Pv, 2.416942, 30/6/2015 5:54:02 PM, False, Not Annotated, False
D8CF2232, SWAT_SUTD:RSLinx Enterprise:P2.HMI_FIT201.Pv, 2.416942, 30/6/2015 5:54:03 PM, False, Not Annotated, False
D8CF2232, SWAT_SUTD:RSLinx Enterprise:P2.HMI_FIT201.Pv, 2.417583, 30/6/2015 5:54:04 PM, False, Not Annotated, False
D8CF2232, SWAT_SUTD:RSLinx Enterprise:P2.HMI_FIT201.Pv, 2.417583, 30/6/2015 5:54:05 PM, False, Not Annotated, False
D8CF2232, SWAT_SUTD:RSLinx Enterprise:P2.HMI_FIT201.Pv, 2.418095, 30/6/2015 5:54:06 PM, False, Not Annotated, False
D8CF2232, SWAT_SUTD:RSLinx Enterprise:P2.HMI_FIT201.Pv, 2.418095, 30/6/2015 5:54:07 PM, False, Not Annotated, False
D8CF2232, SWAT_SUTD:RSLinx Enterprise:P2.HMI_FIT201.Pv, 2.416301, 30/6/2015 5:54:08 PM, False, Not Annotated, False
D8CF2232, SWAT_SUTD:RSLinx Enterprise:P2.HMI_FIT201.Pv, 2.416301, 30/6/2015 5:54:09 PM, False, Not Annotated, False
D8CF2232, SWAT_SUTD:RSLinx Enterprise:P2.HMI_FIT201.Pv, 2.416301, 30/6/2015 5:54:10 PM, False, Not Annotated, False
D8CF2232, SWAT_SUTD:RSLinx Enterprise:P2.HMI_FIT201.Pv, 2.416301, 30/6/2015 5:54:11 PM, False, Not Annotated, False
D8CF2232, SWAT_SUTD:RSLinx Enterprise:P2.HMI_FIT201.Pv, 2.418223, 30/6/2015 5:54:12 PM, False, Not Annotated, False
D8CF2232, SWAT_SUTD:RSLinx Enterprise:P2.HMI_FIT201.Pv, 2.418223, 30/6/2015 5:54:13 PM, False, Not Annotated, False
D8CF2232, SWAT_SUTD:RSLinx Enterprise:P2.HMI_FIT201.Pv, 2.418223, 30/6/2015 5:54:14 PM, False, Not Annotated, False
D8CF2232, SWAT_SUTD:RSLinx Enterprise:P2.HMI_FIT201.Pv, 2.418223, 30/6/2015 5:54:15 PM, False, Not Annotated, False
D8CF2232, SWAT_SUTD:RSLinx Enterprise:P2.HMI_FIT201.Pv, 2.41566, 30/6/2015 5:54:16 PM, False, Not Annotated, False
D8CF2232, SWAT_SUTD:RSLinx Enterprise:P2.HMI_FIT201.Pv, 2.414635, 30/6/2015 5:54:17 PM, False, Not Annotated, False
D8CF2232, SWAT_SUTD:RSLinx Enterprise:P2.HMI_FIT201.Pv, 2.418864, 30/6/2015 5:54:18 PM, False, Not Annotated, False
D8CF2232, SWAT_SUTD:RSLinx Enterprise:P2.HMI_FIT201.Pv, 2.42053, 30/6/2015 5:54:19 PM, False, Not Annotated, False
D8CF2232, SWAT_SUTD:RSLinx Enterprise:P2.HMI_FIT201.Pv, 2.42053, 30/6/2015 5:54:20 PM, False, Not Annotated, False
D8CF2232, SWAT_SUTD:RSLinx Enterprise:P2.HMI_FIT201.Pv, 2.421811, 30/6/2015 5:54:21 PM, False, Not Annotated, False
D8CF2232, SWAT_SUTD:RSLinx Enterprise:P2.HMI_FIT201.Pv, 2.421811, 30/6/2015 5:54:22 PM, False, Not Annotated, False
D8CF2232, SWAT_SUTD:RSLinx Enterprise:P2.HMI_FIT201.Pv, 2.42399, 30/6/2015 5:54:23 PM, False, Not Annotated, False
D8CF2232, SWAT_SUTD:RSLinx Enterprise:P2.HMI_FIT201.Pv, 2.42399, 30/6/2015 5:54:24 PM, False, Not Annotated, False
D8CF2232, SWAT_SUTD:RSLinx Enterprise:P2.HMI_FIT201.Pv, 2.42399, 30/6/2015 5:54:25 PM, False, Not Annotated, False
D8CF2232, SWAT_SUTD:RSLinx Enterprise:P2.HMI_FIT201.Pv, 2.42399, 30/6/2015 5:54:26 PM, False, Not Annotated, False
D8CF2232, SWAT_SUTD:RSLinx Enterprise:P2.HMI_FIT201.Pv, 2.421171, 30/6/2015 5:54:27 PM, False, Not Annotated, False
D8CF2232, SWAT_SUTD:RSLinx Enterprise:P2.HMI_FIT201.Pv, 2.418736, 30/6/2015 5:54:28 PM, False, Not Annotated, False
D8CF2232, SWAT_SUTD:RSLinx Enterprise:P2.HMI_FIT201.Pv, 2.418479, 30/6/2015 5:54:29 PM, False, Not Annotated, False
D8CF2232, SWAT_SUTD:RSLinx Enterprise:P2.HMI_FIT201.Pv, 2.414891, 30/6/2015 5:54:30 PM, False, Not Annotated, False
D8CF2232, SWAT_SUTD:RSLinx Enterprise:P2.HMI_FIT201.Pv, 2.414635, 30/6/2015 5:54:31 PM, False, Not Annotated, False
D8CF2232, SWAT_SUTD:RSLinx Enterprise:P2.HMI_FIT201.Pv, 2.414635, 30/6/2015 5:54:32 PM, False, Not Annotated, False
D8CF2232, SWAT_SUTD:RSLinx Enterprise:P2.HMI_FIT201.Pv, 2.414891, 30/6/2015 5:54:33 PM, False, Not Annotated, False
D8CF2232, SWAT_SUTD:RSLinx Enterprise:P2.HMI_FIT201.Pv, 2.417839, 30/6/2015 5:54:34 PM, False, Not Annotated, False
D8CF2232, SWAT_SUTD:RSLinx Enterprise:P2.HMI_FIT201.Pv, 2.417967, 30/6/2015 5:54:35 PM, False, Not Annotated, False
D8CF2232, SWAT_SUTD:RSLinx Enterprise:P2.HMI_FIT201.Pv, 2.42053, 30/6/2015 5:54:36 PM, False, Not Annotated, False
D8CF2232, SWAT_SUTD:RSLinx Enterprise:P2.HMI_FIT201.Pv, 2.423734, 30/6/2015 5:54:37 PM, False, Not Annotated, False
D8CF2232, SWAT_SUTD:RSLinx Enterprise:P2.HMI_FIT201.Pv, 2.423734, 30/6/2015 5:54:38 PM, False, Not Annotated, False
D8CF2232, SWAT_SUTD:RSLinx Enterprise:P2.HMI_FIT201.Pv, 2.423734, 30/6/2015 5:54:39 PM, False, Not Annotated, False
D8CF2232, SWAT_SUTD:RSLinx Enterprise:P2.HMI_FIT201.Pv, 2.423734, 30/6/2015 5:54:40 PM, False, Not Annotated, False
D8CF2232, SWAT_SUTD:RSLinx Enterprise:P2.HMI_FIT201.Pv, 2.421171, 30/6/2015 5:54:41 PM, False, Not Annotated, False
D8CF2232, SWAT_SUTD:RSLinx Enterprise:P2.HMI_FIT201.Pv, 2.420786, 30/6/2015 5:54:42 PM, False, Not Annotated, False
D8CF2232, SWAT_SUTD:RSLinx Enterprise:P2.HMI_FIT201.Pv, 2.417198, 30/6/2015 5:54:43 PM, False, Not Annotated, False
D8CF2232, SWAT_SUTD:RSLinx Enterprise:P2.HMI_FIT201.Pv, 2.415532, 30/6/2015 5:54:44 PM, False, Not Annotated, False
D8CF2232, SWAT_SUTD:RSLinx Enterprise:P2.HMI_FIT201.Pv, 2.412969, 30/6/2015 5:54:45 PM, False, Not Annotated, False
D8CF2232, SWAT_SUTD:RSLinx Enterprise:P2.HMI_FIT201.Pv, 2.412841, 30/6/2015 5:54:46 PM, False, Not Annotated, False
D8CF2232, SWAT_SUTD:RSLinx Enterprise:P2.HMI_FIT201.Pv, 2.415916, 30/6/2015 5:54:47 PM, False, Not Annotated, False
D8CF2232, SWAT_SUTD:RSLinx Enterprise:P2.HMI_FIT201.Pv, 2.416173, 30/6/2015 5:54:48 PM, False, Not Annotated, False
D8CF2232, SWAT_SUTD:RSLinx Enterprise:P2.HMI_FIT201.Pv, 2.416685, 30/6/2015 5:54:49 PM, False, Not Annotated, False
D8CF2232, SWAT_SUTD:RSLinx Enterprise:P2.HMI_FIT201.Pv, 2.416685, 30/6/2015 5:54:50 PM, False, Not Annotated, False
D8CF2232, SWAT_SUTD:RSLinx Enterprise:P2.HMI_FIT201.Pv, 2.417198, 30/6/2015 5:54:51 PM, False, Not Annotated, False
D8CF2232, SWAT_SUTD:RSLinx Enterprise:P2.HMI_FIT201.Pv, 2.418095, 30/6/2015 5:54:52 PM, False, Not Annotated, False
D8CF2232, SWAT_SUTD:RSLinx Enterprise:P2.HMI_FIT201.Pv, 2.420017, 30/6/2015 5:54:53 PM, False, Not Annotated, False
D8CF2232, SWAT_SUTD:RSLinx Enterprise:P2.HMI_FIT201.Pv, 2.420017, 30/6/2015 5:54:54 PM, False, Not Annotated, False
D8CF2232, SWAT_SUTD:RSLinx Enterprise:P2.HMI_FIT201.Pv, 2.420017, 30/6/2015 5:54:55 PM, False, Not Annotated, False
D8CF2232, SWAT_SUTD:RSLinx Enterprise:P2.HMI_FIT201.Pv, 2.417198, 30/6/2015 5:54:56 PM, False, Not Annotated, False
D8CF2232, SWAT_SUTD:RSLinx Enterprise:P2.HMI_FIT201.Pv, 2.417198, 30/6/2015 5:54:57 PM, False, Not Annotated, False
D8CF2232, SWAT_SUTD:RSLinx Enterprise:P2.HMI_FIT201.Pv, 2.417583, 30/6/2015 5:54:58 PM, False, Not Annotated, False
D8CF2232, SWAT_SUTD:RSLinx Enterprise:P2.HMI_FIT201.Pv, 2.418223, 30/6/2015 5:54:59 PM, False, Not Annotated, False
D8CF2232, SWAT_SUTD:RSLinx Enterprise:P2.HMI_FIT201.Pv, 2.415916, 30/6/2015 5:55:00 PM, False, Not Annotated, False
D8CF2232, SWAT_SUTD:RSLinx Enterprise:P2.HMI_FIT201.Pv, 2.415404, 30/6/2015 5:55:01 PM, False, Not Annotated, False
D8CF2232, SWAT_SUTD:RSLinx Enterprise:P2.HMI_FIT201.Pv, 2.415404, 30/6/2015 5:55:02 PM, False, Not Annotated, False
D8CF2232, SWAT_SUTD:RSLinx Enterprise:P2.HMI_FIT201.Pv, 2.418736, 30/6/2015 5:55:03 PM, False, Not Annotated, False
D8CF2232, SWAT_SUTD:RSLinx Enterprise:P2.HMI_FIT201.Pv, 2.42194, 30/6/2015 5:55:04 PM, False, Not Annotated, False
D8CF2232, SWAT_SUTD:RSLinx Enterprise:P2.HMI_FIT201.Pv, 2.42194, 30/6/2015 5:55:05 PM, False, Not Annotated, False
D8CF2232, SWAT_SUTD:RSLinx Enterprise:P2.HMI_FIT201.Pv, 2.42194, 30/6/2015 5:55:06 PM, False, Not Annotated, False
D8CF2232, SWAT_SUTD:RSLinx Enterprise:P2.HMI_FIT201.Pv, 2.420146, 30/6/2015 5:55:07 PM, False, Not Annotated, False
D8CF2232, SWAT_SUTD:RSLinx Enterprise:P2.HMI_FIT201.Pv, 2.420146, 30/6/2015 5:55:08 PM, False, Not Annotated, False
D8CF2232, SWAT_SUTD:RSLinx Enterprise:P2.HMI_FIT201.Pv, 2.420146, 30/6/2015 5:55:09 PM, False, Not Annotated, False
D8CF2232, SWAT_SUTD:RSLinx Enterprise:P2.HMI_FIT201.Pv, 2.424503, 30/6/2015 5:55:10 PM, False, Not Annotated, False
D8CF2232, SWAT_SUTD:RSLinx Enterprise:P2.HMI_FIT201.Pv, 2.424503, 30/6/2015 5:55:11 PM, False, Not Annotated, False
D8CF2232, SWAT_SUTD:RSLinx Enterprise:P2.HMI_FIT201.Pv, 2.424503, 30/6/2015 5:55:12 PM, False, Not Annotated, False
D8CF2232, SWAT_SUTD:RSLinx Enterprise:P2.HMI_FIT201.Pv, 2.424503, 30/6/2015 5:55:13 PM, False, Not Annotated, False
D8CF2232, SWAT_SUTD:RSLinx Enterprise:P2.HMI_FIT201.Pv, 2.421811, 30/6/2015 5:55:14 PM, False, Not Annotated, False
D8CF2232, SWAT_SUTD:RSLinx Enterprise:P2.HMI_FIT201.Pv, 2.421683, 30/6/2015 5:55:15 PM, False, Not Annotated, False
D8CF2232, SWAT_SUTD:RSLinx Enterprise:P2.HMI_FIT201.Pv, 2.419505, 30/6/2015 5:55:16 PM, False, Not Annotated, False
D8CF2232, SWAT_SUTD:RSLinx Enterprise:P2.HMI_FIT201.Pv, 2.416942, 30/6/2015 5:55:17 PM, False, Not Annotated, False
D8CF2232, SWAT_SUTD:RSLinx Enterprise:P2.HMI_FIT201.Pv, 2.416942, 30/6/2015 5:55:18 PM, False, Not Annotated, False
D8CF2232, SWAT_SUTD:RSLinx Enterprise:P2.HMI_FIT201.Pv, 2.415404, 30/6/2015 5:55:19 PM, False, Not Annotated, False
D8CF2232, SWAT_SUTD:RSLinx Enterprise:P2.HMI_FIT201.Pv, 2.415404, 30/6/2015 5:55:20 PM, False, Not Annotated, False
D8CF2232, SWAT_SUTD:RSLinx Enterprise:P2.HMI_FIT201.Pv, 2.420017, 30/6/2015 5:55:21 PM, False, Not Annotated, False
D8CF2232, SWAT_SUTD:RSLinx Enterprise:P2.HMI_FIT201.Pv, 2.420658, 30/6/2015 5:55:22 PM, False, Not Annotated, False
D8CF2232, SWAT_SUTD:RSLinx Enterprise:P2.HMI_FIT201.Pv, 2.422324, 30/6/2015 5:55:23 PM, False, Not Annotated, False
D8CF2232, SWAT_SUTD:RSLinx Enterprise:P2.HMI_FIT201.Pv, 2.426425, 30/6/2015 5:55:24 PM, False, Not Annotated, False
D8CF2232, SWAT_SUTD:RSLinx Enterprise:P2.HMI_FIT201.Pv, 2.426938, 30/6/2015 5:55:25 PM, False, Not Annotated, False
D8CF2232, SWAT_SUTD:RSLinx Enterprise:P2.HMI_FIT201.Pv, 2.426938, 30/6/2015 5:55:26 PM, False, Not Annotated, False
D8CF2232, SWAT_SUTD:RSLinx Enterprise:P2.HMI_FIT201.Pv, 2.426938, 30/6/2015 5:55:27 PM, False, Not Annotated, False
D8CF2232, SWAT_SUTD:RSLinx Enterprise:P2.HMI_FIT201.Pv, 2.426938, 30/6/2015 5:55:28 PM, False, Not Annotated, False
D8CF2232, SWAT_SUTD:RSLinx Enterprise:P2.HMI_FIT201.Pv, 2.421811, 30/6/2015 5:55:29 PM, False, Not Annotated, False
D8CF2232, SWAT_SUTD:RSLinx Enterprise:P2.HMI_FIT201.Pv, 2.421042, 30/6/2015 5:55:30 PM, False, Not Annotated, False
D8CF2232, SWAT_SUTD:RSLinx Enterprise:P2.HMI_FIT201.Pv, 2.419761, 30/6/2015 5:55:31 PM, False, Not Annotated, False
D8CF2232, SWAT_SUTD:RSLinx Enterprise:P2.HMI_FIT201.Pv, 2.416942, 30/6/2015 5:55:32 PM, False, Not Annotated, False
D8CF2232, SWAT_SUTD:RSLinx Enterprise:P2.HMI_FIT201.Pv, 2.412969, 30/6/2015 5:55:33 PM, False, Not Annotated, False
D8CF2232, SWAT_SUTD:RSLinx Enterprise:P2.HMI_FIT201.Pv, 2.412072, 30/6/2015 5:55:34 PM, False, Not Annotated, False
D8CF2232, SWAT_SUTD:RSLinx Enterprise:P2.HMI_FIT201.Pv, 2.412072, 30/6/2015 5:55:35 PM, False, Not Annotated, False
D8CF2232, SWAT_SUTD:RSLinx Enterprise:P2.HMI_FIT201.Pv, 2.412072, 30/6/2015 5:55:36 PM, False, Not Annotated, False
D8CF2232, SWAT_SUTD:RSLinx Enterprise:P2.HMI_FIT201.Pv, 2.416685, 30/6/2015 5:55:37 PM, False, Not Annotated, False
D8CF2232, SWAT_SUTD:RSLinx Enterprise:P2.HMI_FIT201.Pv, 2.419377, 30/6/2015 5:55:38 PM, False, Not Annotated, False
D8CF2232, SWAT_SUTD:RSLinx Enterprise:P2.HMI_FIT201.Pv, 2.420658, 30/6/2015 5:55:39 PM, False, Not Annotated, False
D8CF2232, SWAT_SUTD:RSLinx Enterprise:P2.HMI_FIT201.Pv, 2.420658, 30/6/2015 5:55:40 PM, False, Not Annotated, False
D8CF2232, SWAT_SUTD:RSLinx Enterprise:P2.HMI_FIT201.Pv, 2.422452, 30/6/2015 5:55:41 PM, False, Not Annotated, False
D8CF2232, SWAT_SUTD:RSLinx Enterprise:P2.HMI_FIT201.Pv, 2.424246, 30/6/2015 5:55:42 PM, False, Not Annotated, False
D8CF2232, SWAT_SUTD:RSLinx Enterprise:P2.HMI_FIT201.Pv, 2.424246, 30/6/2015 5:55:43 PM, False, Not Annotated, False
D8CF2232, SWAT_SUTD:RSLinx Enterprise:P2.HMI_FIT201.Pv, 2.422965, 30/6/2015 5:55:44 PM, False, Not Annotated, False
D8CF2232, SWAT_SUTD:RSLinx Enterprise:P2.HMI_FIT201.Pv, 2.419248, 30/6/2015 5:55:45 PM, False, Not Annotated, False
D8CF2232, SWAT_SUTD:RSLinx Enterprise:P2.HMI_FIT201.Pv, 2.418479, 30/6/2015 5:55:46 PM, False, Not Annotated, False
D8CF2232, SWAT_SUTD:RSLinx Enterprise:P2.HMI_FIT201.Pv, 2.417839, 30/6/2015 5:55:47 PM, False, Not Annotated, False
D8CF2232, SWAT_SUTD:RSLinx Enterprise:P2.HMI_FIT201.Pv, 2.417839, 30/6/2015 5:55:48 PM, False, Not Annotated, False
D8CF2232, SWAT_SUTD:RSLinx Enterprise:P2.HMI_FIT201.Pv, 2.417839, 30/6/2015 5:55:49 PM, False, Not Annotated, False
D8CF2232, SWAT_SUTD:RSLinx Enterprise:P2.HMI_FIT201.Pv, 2.420658, 30/6/2015 5:55:50 PM, False, Not Annotated, False
D8CF2232, SWAT_SUTD:RSLinx Enterprise:P2.HMI_FIT201.Pv, 2.421299, 30/6/2015 5:55:51 PM, False, Not Annotated, False
D8CF2232, SWAT_SUTD:RSLinx Enterprise:P2.HMI_FIT201.Pv, 2.421299, 30/6/2015 5:55:52 PM, False, Not Annotated, False
D8CF2232, SWAT_SUTD:RSLinx Enterprise:P2.HMI_FIT201.Pv, 2.421299, 30/6/2015 5:55:53 PM, False, Not Annotated, False
D8CF2232, SWAT_SUTD:RSLinx Enterprise:P2.HMI_FIT201.Pv, 2.421299, 30/6/2015 5:55:54 PM, False, Not Annotated, False
D8CF2232, SWAT_SUTD:RSLinx Enterprise:P2.HMI_FIT201.Pv, 2.421299, 30/6/2015 5:55:55 PM, False, Not Annotated, False
D8CF2232, SWAT_SUTD:RSLinx Enterprise:P2.HMI_FIT201.Pv, 2.421299, 30/6/2015 5:55:56 PM, False, Not Annotated, False
D8CF2232, SWAT_SUTD:RSLinx Enterprise:P2.HMI_FIT201.Pv, 2.418095, 30/6/2015 5:55:57 PM, False, Not Annotated, False
D8CF2232, SWAT_SUTD:RSLinx Enterprise:P2.HMI_FIT201.Pv, 2.418095, 30/6/2015 5:55:58 PM, False, Not Annotated, False
D8CF2232, SWAT_SUTD:RSLinx Enterprise:P2.HMI_FIT201.Pv, 2.416173, 30/6/2015 5:55:59 PM, False, Not Annotated, False
D8CF2232, SWAT_SUTD:RSLinx Enterprise:P2.HMI_FIT201.Pv, 2.415916, 30/6/2015 5:56:00 PM, False, Not Annotated, False
D8CF2232, SWAT_SUTD:RSLinx Enterprise:P2.HMI_FIT201.Pv, 2.415916, 30/6/2015 5:56:01 PM, False, Not Annotated, False
D8CF2232, SWAT_SUTD:RSLinx Enterprise:P2.HMI_FIT201.Pv, 2.415916, 30/6/2015 5:56:02 PM, False, Not Annotated, False
D8CF2232, SWAT_SUTD:RSLinx Enterprise:P2.HMI_FIT201.Pv, 2.418223, 30/6/2015 5:56:03 PM, False, Not Annotated, False
D8CF2232, SWAT_SUTD:RSLinx Enterprise:P2.HMI_FIT201.Pv, 2.419761, 30/6/2015 5:56:04 PM, False, Not Annotated, False
D8CF2232, SWAT_SUTD:RSLinx Enterprise:P2.HMI_FIT201.Pv, 2.419761, 30/6/2015 5:56:05 PM, False, Not Annotated, False
D8CF2232, SWAT_SUTD:RSLinx Enterprise:P2.HMI_FIT201.Pv, 2.421171, 30/6/2015 5:56:06 PM, False, Not Annotated, False
D8CF2232, SWAT_SUTD:RSLinx Enterprise:P2.HMI_FIT201.Pv, 2.422452, 30/6/2015 5:56:07 PM, False, Not Annotated, False
D8CF2232, SWAT_SUTD:RSLinx Enterprise:P2.HMI_FIT201.Pv, 2.424246, 30/6/2015 5:56:08 PM, False, Not Annotated, False
D8CF2232, SWAT_SUTD:RSLinx Enterprise:P2.HMI_FIT201.Pv, 2.424375, 30/6/2015 5:56:09 PM, False, Not Annotated, False
D8CF2232, SWAT_SUTD:RSLinx Enterprise:P2.HMI_FIT201.Pv, 2.424375, 30/6/2015 5:56:10 PM, False, Not Annotated, False
D8CF2232, SWAT_SUTD:RSLinx Enterprise:P2.HMI_FIT201.Pv, 2.424375, 30/6/2015 5:56:11 PM, False, Not Annotated, False
D8CF2232, SWAT_SUTD:RSLinx Enterprise:P2.HMI_FIT201.Pv, 2.424375, 30/6/2015 5:56:12 PM, False, Not Annotated, False
D8CF2232, SWAT_SUTD:RSLinx Enterprise:P2.HMI_FIT201.Pv, 2.421427, 30/6/2015 5:56:13 PM, False, Not Annotated, False
D8CF2232, SWAT_SUTD:RSLinx Enterprise:P2.HMI_FIT201.Pv, 2.420017, 30/6/2015 5:56:14 PM, False, Not Annotated, False
D8CF2232, SWAT_SUTD:RSLinx Enterprise:P2.HMI_FIT201.Pv, 2.420017, 30/6/2015 5:56:15 PM, False, Not Annotated, False
D8CF2232, SWAT_SUTD:RSLinx Enterprise:P2.HMI_FIT201.Pv, 2.422068, 30/6/2015 5:56:16 PM, False, Not Annotated, False
D8CF2232, SWAT_SUTD:RSLinx Enterprise:P2.HMI_FIT201.Pv, 2.423093, 30/6/2015 5:56:17 PM, False, Not Annotated, False
D8CF2232, SWAT_SUTD:RSLinx Enterprise:P2.HMI_FIT201.Pv, 2.423093, 30/6/2015 5:56:18 PM, False, Not Annotated, False
D8CF2232, SWAT_SUTD:RSLinx Enterprise:P2.HMI_FIT201.Pv, 2.423093, 30/6/2015 5:56:19 PM, False, Not Annotated, False
D8CF2232, SWAT_SUTD:RSLinx Enterprise:P2.HMI_FIT201.Pv, 2.423093, 30/6/2015 5:56:20 PM, False, Not Annotated, False
D8CF2232, SWAT_SUTD:RSLinx Enterprise:P2.HMI_FIT201.Pv, 2.423093, 30/6/2015 5:56:21 PM, False, Not Annotated, False
D8CF2232, SWAT_SUTD:RSLinx Enterprise:P2.HMI_FIT201.Pv, 2.423093, 30/6/2015 5:56:22 PM, False, Not Annotated, False
D8CF2232, SWAT_SUTD:RSLinx Enterprise:P2.HMI_FIT201.Pv, 2.420658, 30/6/2015 5:56:23 PM, False, Not Annotated, False
D8CF2232, SWAT_SUTD:RSLinx Enterprise:P2.HMI_FIT201.Pv, 2.420658, 30/6/2015 5:56:24 PM, False, Not Annotated, False
D8CF2232, SWAT_SUTD:RSLinx Enterprise:P2.HMI_FIT201.Pv, 2.420658, 30/6/2015 5:56:25 PM, False, Not Annotated, False
D8CF2232, SWAT_SUTD:RSLinx Enterprise:P2.HMI_FIT201.Pv, 2.423862, 30/6/2015 5:56:26 PM, False, Not Annotated, False
D8CF2232, SWAT_SUTD:RSLinx Enterprise:P2.HMI_FIT201.Pv, 2.425015, 30/6/2015 5:56:27 PM, False, Not Annotated, False
D8CF2232, SWAT_SUTD:RSLinx Enterprise:P2.HMI_FIT201.Pv, 2.427194, 30/6/2015 5:56:28 PM, False, Not Annotated, False
D8CF2232, SWAT_SUTD:RSLinx Enterprise:P2.HMI_FIT201.Pv, 2.428732, 30/6/2015 5:56:29 PM, False, Not Annotated, False
D8CF2232, SWAT_SUTD:RSLinx Enterprise:P2.HMI_FIT201.Pv, 2.428732, 30/6/2015 5:56:30 PM, False, Not Annotated, False
D8CF2232, SWAT_SUTD:RSLinx Enterprise:P2.HMI_FIT201.Pv, 2.428732, 30/6/2015 5:56:31 PM, False, Not Annotated, False
D8CF2232, SWAT_SUTD:RSLinx Enterprise:P2.HMI_FIT201.Pv, 2.42886, 30/6/2015 5:56:32 PM, False, Not Annotated, False
D8CF2232, SWAT_SUTD:RSLinx Enterprise:P2.HMI_FIT201.Pv, 2.42886, 30/6/2015 5:56:33 PM, False, Not Annotated, False
D8CF2232, SWAT_SUTD:RSLinx Enterprise:P2.HMI_FIT201.Pv, 2.424631, 30/6/2015 5:56:34 PM, False, Not Annotated, False
D8CF2232, SWAT_SUTD:RSLinx Enterprise:P2.HMI_FIT201.Pv, 2.423221, 30/6/2015 5:56:35 PM, False, Not Annotated, False
D8CF2232, SWAT_SUTD:RSLinx Enterprise:P2.HMI_FIT201.Pv, 2.422068, 30/6/2015 5:56:36 PM, False, Not Annotated, False
D8CF2232, SWAT_SUTD:RSLinx Enterprise:P2.HMI_FIT201.Pv, 2.421427, 30/6/2015 5:56:37 PM, False, Not Annotated, False
D8CF2232, SWAT_SUTD:RSLinx Enterprise:P2.HMI_FIT201.Pv, 2.420786, 30/6/2015 5:56:38 PM, False, Not Annotated, False
D8CF2232, SWAT_SUTD:RSLinx Enterprise:P2.HMI_FIT201.Pv, 2.420786, 30/6/2015 5:56:39 PM, False, Not Annotated, False
D8CF2232, SWAT_SUTD:RSLinx Enterprise:P2.HMI_FIT201.Pv, 2.425528, 30/6/2015 5:56:40 PM, False, Not Annotated, False
D8CF2232, SWAT_SUTD:RSLinx Enterprise:P2.HMI_FIT201.Pv, 2.428219, 30/6/2015 5:56:41 PM, False, Not Annotated, False
D8CF2232, SWAT_SUTD:RSLinx Enterprise:P2.HMI_FIT201.Pv, 2.428219, 30/6/2015 5:56:42 PM, False, Not Annotated, False
D8CF2232, SWAT_SUTD:RSLinx Enterprise:P2.HMI_FIT201.Pv, 2.428732, 30/6/2015 5:56:43 PM, False, Not Annotated, False
D8CF2232, SWAT_SUTD:RSLinx Enterprise:P2.HMI_FIT201.Pv, 2.428732, 30/6/2015 5:56:44 PM, False, Not Annotated, False
D8CF2232, SWAT_SUTD:RSLinx Enterprise:P2.HMI_FIT201.Pv, 2.428732, 30/6/2015 5:56:45 PM, False, Not Annotated, False
D8CF2232, SWAT_SUTD:RSLinx Enterprise:P2.HMI_FIT201.Pv, 2.428732, 30/6/2015 5:56:46 PM, False, Not Annotated, False
D8CF2232, SWAT_SUTD:RSLinx Enterprise:P2.HMI_FIT201.Pv, 2.426553, 30/6/2015 5:56:47 PM, False, Not Annotated, False
D8CF2232, SWAT_SUTD:RSLinx Enterprise:P2.HMI_FIT201.Pv, 2.426553, 30/6/2015 5:56:48 PM, False, Not Annotated, False
D8CF2232, SWAT_SUTD:RSLinx Enterprise:P2.HMI_FIT201.Pv, 2.425272, 30/6/2015 5:56:49 PM, False, Not Annotated, False
D8CF2232, SWAT_SUTD:RSLinx Enterprise:P2.HMI_FIT201.Pv, 2.421683, 30/6/2015 5:56:50 PM, False, Not Annotated, False
D8CF2232, SWAT_SUTD:RSLinx Enterprise:P2.HMI_FIT201.Pv, 2.421427, 30/6/2015 5:56:51 PM, False, Not Annotated, False
D8CF2232, SWAT_SUTD:RSLinx Enterprise:P2.HMI_FIT201.Pv, 2.421427, 30/6/2015 5:56:52 PM, False, Not Annotated, False
D8CF2232, SWAT_SUTD:RSLinx Enterprise:P2.HMI_FIT201.Pv, 2.421427, 30/6/2015 5:56:53 PM, False, Not Annotated, False
D8CF2232, SWAT_SUTD:RSLinx Enterprise:P2.HMI_FIT201.Pv, 2.423093, 30/6/2015 5:56:54 PM, False, Not Annotated, False
D8CF2232, SWAT_SUTD:RSLinx Enterprise:P2.HMI_FIT201.Pv, 2.423093, 30/6/2015 5:56:55 PM, False, Not Annotated, False
D8CF2232, SWAT_SUTD:RSLinx Enterprise:P2.HMI_FIT201.Pv, 2.425656, 30/6/2015 5:56:56 PM, False, Not Annotated, False
D8CF2232, SWAT_SUTD:RSLinx Enterprise:P2.HMI_FIT201.Pv, 2.425656, 30/6/2015 5:56:57 PM, False, Not Annotated, False
D8CF2232, SWAT_SUTD:RSLinx Enterprise:P2.HMI_FIT201.Pv, 2.423862, 30/6/2015 5:56:58 PM, False, Not Annotated, False
D8CF2232, SWAT_SUTD:RSLinx Enterprise:P2.HMI_FIT201.Pv, 2.423606, 30/6/2015 5:56:59 PM, False, Not Annotated, False
D8CF2232, SWAT_SUTD:RSLinx Enterprise:P2.HMI_FIT201.Pv, 2.423606, 30/6/2015 5:57:00 PM, False, Not Annotated, False
D8CF2232, SWAT_SUTD:RSLinx Enterprise:P2.HMI_FIT201.Pv, 2.423606, 30/6/2015 5:57:01 PM, False, Not Annotated, False
D8CF2232, SWAT_SUTD:RSLinx Enterprise:P2.HMI_FIT201.Pv, 2.425272, 30/6/2015 5:57:02 PM, False, Not Annotated, False
D8CF2232, SWAT_SUTD:RSLinx Enterprise:P2.HMI_FIT201.Pv, 2.426425, 30/6/2015 5:57:03 PM, False, Not Annotated, False
D8CF2232, SWAT_SUTD:RSLinx Enterprise:P2.HMI_FIT201.Pv, 2.423349, 30/6/2015 5:57:04 PM, False, Not Annotated, False
D8CF2232, SWAT_SUTD:RSLinx Enterprise:P2.HMI_FIT201.Pv, 2.422709, 30/6/2015 5:57:05 PM, False, Not Annotated, False
D8CF2232, SWAT_SUTD:RSLinx Enterprise:P2.HMI_FIT201.Pv, 2.421299, 30/6/2015 5:57:06 PM, False, Not Annotated, False
D8CF2232, SWAT_SUTD:RSLinx Enterprise:P2.HMI_FIT201.Pv, 2.421299, 30/6/2015 5:57:07 PM, False, Not Annotated, False
D8CF2232, SWAT_SUTD:RSLinx Enterprise:P2.HMI_FIT201.Pv, 2.421171, 30/6/2015 5:57:08 PM, False, Not Annotated, False
D8CF2232, SWAT_SUTD:RSLinx Enterprise:P2.HMI_FIT201.Pv, 2.420402, 30/6/2015 5:57:09 PM, False, Not Annotated, False
D8CF2232, SWAT_SUTD:RSLinx Enterprise:P2.HMI_FIT201.Pv, 2.419889, 30/6/2015 5:57:10 PM, False, Not Annotated, False
D8CF2232, SWAT_SUTD:RSLinx Enterprise:P2.HMI_FIT201.Pv, 2.422709, 30/6/2015 5:57:11 PM, False, Not Annotated, False
D8CF2232, SWAT_SUTD:RSLinx Enterprise:P2.HMI_FIT201.Pv, 2.422709, 30/6/2015 5:57:12 PM, False, Not Annotated, False
D8CF2232, SWAT_SUTD:RSLinx Enterprise:P2.HMI_FIT201.Pv, 2.422709, 30/6/2015 5:57:13 PM, False, Not Annotated, False
D8CF2232, SWAT_SUTD:RSLinx Enterprise:P2.HMI_FIT201.Pv, 2.422709, 30/6/2015 5:57:14 PM, False, Not Annotated, False
D8CF2232, SWAT_SUTD:RSLinx Enterprise:P2.HMI_FIT201.Pv, 2.425784, 30/6/2015 5:57:15 PM, False, Not Annotated, False
D8CF2232, SWAT_SUTD:RSLinx Enterprise:P2.HMI_FIT201.Pv, 2.426425, 30/6/2015 5:57:16 PM, False, Not Annotated, False
D8CF2232, SWAT_SUTD:RSLinx Enterprise:P2.HMI_FIT201.Pv, 2.428091, 30/6/2015 5:57:17 PM, False, Not Annotated, False
D8CF2232, SWAT_SUTD:RSLinx Enterprise:P2.HMI_FIT201.Pv, 2.427578, 30/6/2015 5:57:18 PM, False, Not Annotated, False
D8CF2232, SWAT_SUTD:RSLinx Enterprise:P2.HMI_FIT201.Pv, 2.426297, 30/6/2015 5:57:19 PM, False, Not Annotated, False
D8CF2232, SWAT_SUTD:RSLinx Enterprise:P2.HMI_FIT201.Pv, 2.426297, 30/6/2015 5:57:20 PM, False, Not Annotated, False
D8CF2232, SWAT_SUTD:RSLinx Enterprise:P2.HMI_FIT201.Pv, 2.426297, 30/6/2015 5:57:21 PM, False, Not Annotated, False
D8CF2232, SWAT_SUTD:RSLinx Enterprise:P2.HMI_FIT201.Pv, 2.426297, 30/6/2015 5:57:22 PM, False, Not Annotated, False
D8CF2232, SWAT_SUTD:RSLinx Enterprise:P2.HMI_FIT201.Pv, 2.428091, 30/6/2015 5:57:23 PM, False, Not Annotated, False
D8CF2232, SWAT_SUTD:RSLinx Enterprise:P2.HMI_FIT201.Pv, 2.428091, 30/6/2015 5:57:24 PM, False, Not Annotated, False
D8CF2232, SWAT_SUTD:RSLinx Enterprise:P2.HMI_FIT201.Pv, 2.428091, 30/6/2015 5:57:25 PM, False, Not Annotated, False
D8CF2232, SWAT_SUTD:RSLinx Enterprise:P2.HMI_FIT201.Pv, 2.424887, 30/6/2015 5:57:26 PM, False, Not Annotated, False
D8CF2232, SWAT_SUTD:RSLinx Enterprise:P2.HMI_FIT201.Pv, 2.422452, 30/6/2015 5:57:27 PM, False, Not Annotated, False
D8CF2232, SWAT_SUTD:RSLinx Enterprise:P2.HMI_FIT201.Pv, 2.420402, 30/6/2015 5:57:28 PM, False, Not Annotated, False
D8CF2232, SWAT_SUTD:RSLinx Enterprise:P2.HMI_FIT201.Pv, 2.420402, 30/6/2015 5:57:29 PM, False, Not Annotated, False
D8CF2232, SWAT_SUTD:RSLinx Enterprise:P2.HMI_FIT201.Pv, 2.420402, 30/6/2015 5:57:30 PM, False, Not Annotated, False
D8CF2232, SWAT_SUTD:RSLinx Enterprise:P2.HMI_FIT201.Pv, 2.421299, 30/6/2015 5:57:31 PM, False, Not Annotated, False
D8CF2232, SWAT_SUTD:RSLinx Enterprise:P2.HMI_FIT201.Pv, 2.425528, 30/6/2015 5:57:32 PM, False, Not Annotated, False
D8CF2232, SWAT_SUTD:RSLinx Enterprise:P2.HMI_FIT201.Pv, 2.429757, 30/6/2015 5:57:33 PM, False, Not Annotated, False
D8CF2232, SWAT_SUTD:RSLinx Enterprise:P2.HMI_FIT201.Pv, 2.429757, 30/6/2015 5:57:34 PM, False, Not Annotated, False
D8CF2232, SWAT_SUTD:RSLinx Enterprise:P2.HMI_FIT201.Pv, 2.431551, 30/6/2015 5:57:35 PM, False, Not Annotated, False
D8CF2232, SWAT_SUTD:RSLinx Enterprise:P2.HMI_FIT201.Pv, 2.431551, 30/6/2015 5:57:36 PM, False, Not Annotated, False
D8CF2232, SWAT_SUTD:RSLinx Enterprise:P2.HMI_FIT201.Pv, 2.429629, 30/6/2015 5:57:37 PM, False, Not Annotated, False
D8CF2232, SWAT_SUTD:RSLinx Enterprise:P2.HMI_FIT201.Pv, 2.428732, 30/6/2015 5:57:38 PM, False, Not Annotated, False
D8CF2232, SWAT_SUTD:RSLinx Enterprise:P2.HMI_FIT201.Pv, 2.428732, 30/6/2015 5:57:39 PM, False, Not Annotated, False
D8CF2232, SWAT_SUTD:RSLinx Enterprise:P2.HMI_FIT201.Pv, 2.425143, 30/6/2015 5:57:40 PM, False, Not Annotated, False
D8CF2232, SWAT_SUTD:RSLinx Enterprise:P2.HMI_FIT201.Pv, 2.425143, 30/6/2015 5:57:41 PM, False, Not Annotated, False
D8CF2232, SWAT_SUTD:RSLinx Enterprise:P2.HMI_FIT201.Pv, 2.424631, 30/6/2015 5:57:42 PM, False, Not Annotated, False
D8CF2232, SWAT_SUTD:RSLinx Enterprise:P2.HMI_FIT201.Pv, 2.423862, 30/6/2015 5:57:43 PM, False, Not Annotated, False
D8CF2232, SWAT_SUTD:RSLinx Enterprise:P2.HMI_FIT201.Pv, 2.423862, 30/6/2015 5:57:44 PM, False, Not Annotated, False
D8CF2232, SWAT_SUTD:RSLinx Enterprise:P2.HMI_FIT201.Pv, 2.423221, 30/6/2015 5:57:45 PM, False, Not Annotated, False
D8CF2232, SWAT_SUTD:RSLinx Enterprise:P2.HMI_FIT201.Pv, 2.423221, 30/6/2015 5:57:46 PM, False, Not Annotated, False
D8CF2232, SWAT_SUTD:RSLinx Enterprise:P2.HMI_FIT201.Pv, 2.421171, 30/6/2015 5:57:47 PM, False, Not Annotated, False
D8CF2232, SWAT_SUTD:RSLinx Enterprise:P2.HMI_FIT201.Pv, 2.421171, 30/6/2015 5:57:48 PM, False, Not Annotated, False
D8CF2232, SWAT_SUTD:RSLinx Enterprise:P2.HMI_FIT201.Pv, 2.42258, 30/6/2015 5:57:49 PM, False, Not Annotated, False
D8CF2232, SWAT_SUTD:RSLinx Enterprise:P2.HMI_FIT201.Pv, 2.423862, 30/6/2015 5:57:50 PM, False, Not Annotated, False
D8CF2232, SWAT_SUTD:RSLinx Enterprise:P2.HMI_FIT201.Pv, 2.423862, 30/6/2015 5:57:51 PM, False, Not Annotated, False
D8CF2232, SWAT_SUTD:RSLinx Enterprise:P2.HMI_FIT201.Pv, 2.423862, 30/6/2015 5:57:52 PM, False, Not Annotated, False
D8CF2232, SWAT_SUTD:RSLinx Enterprise:P2.HMI_FIT201.Pv, 2.423862, 30/6/2015 5:57:53 PM, False, Not Annotated, False
D8CF2232, SWAT_SUTD:RSLinx Enterprise:P2.HMI_FIT201.Pv, 2.423862, 30/6/2015 5:57:54 PM, False, Not Annotated, False
D8CF2232, SWAT_SUTD:RSLinx Enterprise:P2.HMI_FIT201.Pv, 2.423862, 30/6/2015 5:57:55 PM, False, Not Annotated, False
D8CF2232, SWAT_SUTD:RSLinx Enterprise:P2.HMI_FIT201.Pv, 2.423862, 30/6/2015 5:57:56 PM, False, Not Annotated, False
D8CF2232, SWAT_SUTD:RSLinx Enterprise:P2.HMI_FIT201.Pv, 2.422965, 30/6/2015 5:57:57 PM, False, Not Annotated, False
D8CF2232, SWAT_SUTD:RSLinx Enterprise:P2.HMI_FIT201.Pv, 2.423093, 30/6/2015 5:57:58 PM, False, Not Annotated, False
D8CF2232, SWAT_SUTD:RSLinx Enterprise:P2.HMI_FIT201.Pv, 2.426169, 30/6/2015 5:57:59 PM, False, Not Annotated, False
D8CF2232, SWAT_SUTD:RSLinx Enterprise:P2.HMI_FIT201.Pv, 2.426169, 30/6/2015 5:58:00 PM, False, Not Annotated, False
D8CF2232, SWAT_SUTD:RSLinx Enterprise:P2.HMI_FIT201.Pv, 2.426169, 30/6/2015 5:58:01 PM, False, Not Annotated, False
D8CF2232, SWAT_SUTD:RSLinx Enterprise:P2.HMI_FIT201.Pv, 2.426169, 30/6/2015 5:58:02 PM, False, Not Annotated, False
D8CF2232, SWAT_SUTD:RSLinx Enterprise:P2.HMI_FIT201.Pv, 2.427706, 30/6/2015 5:58:03 PM, False, Not Annotated, False
D8CF2232, SWAT_SUTD:RSLinx Enterprise:P2.HMI_FIT201.Pv, 2.428732, 30/6/2015 5:58:04 PM, False, Not Annotated, False
D8CF2232, SWAT_SUTD:RSLinx Enterprise:P2.HMI_FIT201.Pv, 2.428732, 30/6/2015 5:58:05 PM, False, Not Annotated, False
D8CF2232, SWAT_SUTD:RSLinx Enterprise:P2.HMI_FIT201.Pv, 2.428732, 30/6/2015 5:58:06 PM, False, Not Annotated, False
D8CF2232, SWAT_SUTD:RSLinx Enterprise:P2.HMI_FIT201.Pv, 2.428732, 30/6/2015 5:58:07 PM, False, Not Annotated, False
D8CF2232, SWAT_SUTD:RSLinx Enterprise:P2.HMI_FIT201.Pv, 2.428732, 30/6/2015 5:58:08 PM, False, Not Annotated, False
D8CF2232, SWAT_SUTD:RSLinx Enterprise:P2.HMI_FIT201.Pv, 2.426297, 30/6/2015 5:58:09 PM, False, Not Annotated, False
D8CF2232, SWAT_SUTD:RSLinx Enterprise:P2.HMI_FIT201.Pv, 2.426297, 30/6/2015 5:58:10 PM, False, Not Annotated, False
D8CF2232, SWAT_SUTD:RSLinx Enterprise:P2.HMI_FIT201.Pv, 2.426297, 30/6/2015 5:58:11 PM, False, Not Annotated, False
D8CF2232, SWAT_SUTD:RSLinx Enterprise:P2.HMI_FIT201.Pv, 2.426297, 30/6/2015 5:58:12 PM, False, Not Annotated, False
D8CF2232, SWAT_SUTD:RSLinx Enterprise:P2.HMI_FIT201.Pv, 2.428347, 30/6/2015 5:58:13 PM, False, Not Annotated, False
D8CF2232, SWAT_SUTD:RSLinx Enterprise:P2.HMI_FIT201.Pv, 2.42886, 30/6/2015 5:58:14 PM, False, Not Annotated, False
D8CF2232, SWAT_SUTD:RSLinx Enterprise:P2.HMI_FIT201.Pv, 2.42886, 30/6/2015 5:58:15 PM, False, Not Annotated, False
D8CF2232, SWAT_SUTD:RSLinx Enterprise:P2.HMI_FIT201.Pv, 2.42886, 30/6/2015 5:58:16 PM, False, Not Annotated, False
D8CF2232, SWAT_SUTD:RSLinx Enterprise:P2.HMI_FIT201.Pv, 2.42886, 30/6/2015 5:58:17 PM, False, Not Annotated, False
D8CF2232, SWAT_SUTD:RSLinx Enterprise:P2.HMI_FIT201.Pv, 2.42886, 30/6/2015 5:58:18 PM, False, Not Annotated, False
D8CF2232, SWAT_SUTD:RSLinx Enterprise:P2.HMI_FIT201.Pv, 2.427194, 30/6/2015 5:58:19 PM, False, Not Annotated, False
D8CF2232, SWAT_SUTD:RSLinx Enterprise:P2.HMI_FIT201.Pv, 2.426809, 30/6/2015 5:58:20 PM, False, Not Annotated, False
D8CF2232, SWAT_SUTD:RSLinx Enterprise:P2.HMI_FIT201.Pv, 2.426809, 30/6/2015 5:58:21 PM, False, Not Annotated, False
D8CF2232, SWAT_SUTD:RSLinx Enterprise:P2.HMI_FIT201.Pv, 2.426809, 30/6/2015 5:58:22 PM, False, Not Annotated, False
D8CF2232, SWAT_SUTD:RSLinx Enterprise:P2.HMI_FIT201.Pv, 2.426809, 30/6/2015 5:58:23 PM, False, Not Annotated, False
D8CF2232, SWAT_SUTD:RSLinx Enterprise:P2.HMI_FIT201.Pv, 2.426809, 30/6/2015 5:58:24 PM, False, Not Annotated, False
D8CF2232, SWAT_SUTD:RSLinx Enterprise:P2.HMI_FIT201.Pv, 2.426809, 30/6/2015 5:58:25 PM, False, Not Annotated, False
D8CF2232, SWAT_SUTD:RSLinx Enterprise:P2.HMI_FIT201.Pv, 2.426809, 30/6/2015 5:58:26 PM, False, Not Annotated, False
D8CF2232, SWAT_SUTD:RSLinx Enterprise:P2.HMI_FIT201.Pv, 2.428475, 30/6/2015 5:58:27 PM, False, Not Annotated, False
D8CF2232, SWAT_SUTD:RSLinx Enterprise:P2.HMI_FIT201.Pv, 2.427194, 30/6/2015 5:58:28 PM, False, Not Annotated, False
D8CF2232, SWAT_SUTD:RSLinx Enterprise:P2.HMI_FIT201.Pv, 2.426297, 30/6/2015 5:58:29 PM, False, Not Annotated, False
D8CF2232, SWAT_SUTD:RSLinx Enterprise:P2.HMI_FIT201.Pv, 2.425143, 30/6/2015 5:58:30 PM, False, Not Annotated, False
D8CF2232, SWAT_SUTD:RSLinx Enterprise:P2.HMI_FIT201.Pv, 2.425143, 30/6/2015 5:58:31 PM, False, Not Annotated, False
D8CF2232, SWAT_SUTD:RSLinx Enterprise:P2.HMI_FIT201.Pv, 2.426169, 30/6/2015 5:58:32 PM, False, Not Annotated, False
D8CF2232, SWAT_SUTD:RSLinx Enterprise:P2.HMI_FIT201.Pv, 2.426938, 30/6/2015 5:58:33 PM, False, Not Annotated, False
D8CF2232, SWAT_SUTD:RSLinx Enterprise:P2.HMI_FIT201.Pv, 2.426938, 30/6/2015 5:58:34 PM, False, Not Annotated, False
D8CF2232, SWAT_SUTD:RSLinx Enterprise:P2.HMI_FIT201.Pv, 2.426938, 30/6/2015 5:58:35 PM, False, Not Annotated, False
D8CF2232, SWAT_SUTD:RSLinx Enterprise:P2.HMI_FIT201.Pv, 2.426938, 30/6/2015 5:58:36 PM, False, Not Annotated, False
D8CF2232, SWAT_SUTD:RSLinx Enterprise:P2.HMI_FIT201.Pv, 2.426938, 30/6/2015 5:58:37 PM, False, Not Annotated, False
D8CF2232, SWAT_SUTD:RSLinx Enterprise:P2.HMI_FIT201.Pv, 2.426938, 30/6/2015 5:58:38 PM, False, Not Annotated, False
D8CF2232, SWAT_SUTD:RSLinx Enterprise:P2.HMI_FIT201.Pv, 2.426938, 30/6/2015 5:58:39 PM, False, Not Annotated, False
D8CF2232, SWAT_SUTD:RSLinx Enterprise:P2.HMI_FIT201.Pv, 2.430141, 30/6/2015 5:58:40 PM, False, Not Annotated, False
D8CF2232, SWAT_SUTD:RSLinx Enterprise:P2.HMI_FIT201.Pv, 2.430141, 30/6/2015 5:58:41 PM, False, Not Annotated, False
D8CF2232, SWAT_SUTD:RSLinx Enterprise:P2.HMI_FIT201.Pv, 2.430141, 30/6/2015 5:58:42 PM, False, Not Annotated, False
D8CF2232, SWAT_SUTD:RSLinx Enterprise:P2.HMI_FIT201.Pv, 2.431935, 30/6/2015 5:58:43 PM, False, Not Annotated, False
D8CF2232, SWAT_SUTD:RSLinx Enterprise:P2.HMI_FIT201.Pv, 2.432192, 30/6/2015 5:58:44 PM, False, Not Annotated, False
D8CF2232, SWAT_SUTD:RSLinx Enterprise:P2.HMI_FIT201.Pv, 2.433217, 30/6/2015 5:58:45 PM, False, Not Annotated, False
D8CF2232, SWAT_SUTD:RSLinx Enterprise:P2.HMI_FIT201.Pv, 2.43091, 30/6/2015 5:58:46 PM, False, Not Annotated, False
D8CF2232, SWAT_SUTD:RSLinx Enterprise:P2.HMI_FIT201.Pv, 2.430141, 30/6/2015 5:58:47 PM, False, Not Annotated, False
D8CF2232, SWAT_SUTD:RSLinx Enterprise:P2.HMI_FIT201.Pv, 2.430141, 30/6/2015 5:58:48 PM, False, Not Annotated, False
D8CF2232, SWAT_SUTD:RSLinx Enterprise:P2.HMI_FIT201.Pv, 2.428732, 30/6/2015 5:58:49 PM, False, Not Annotated, False
D8CF2232, SWAT_SUTD:RSLinx Enterprise:P2.HMI_FIT201.Pv, 2.426169, 30/6/2015 5:58:50 PM, False, Not Annotated, False
D8CF2232, SWAT_SUTD:RSLinx Enterprise:P2.HMI_FIT201.Pv, 2.424375, 30/6/2015 5:58:51 PM, False, Not Annotated, False
D8CF2232, SWAT_SUTD:RSLinx Enterprise:P2.HMI_FIT201.Pv, 2.424375, 30/6/2015 5:58:52 PM, False, Not Annotated, False
D8CF2232, SWAT_SUTD:RSLinx Enterprise:P2.HMI_FIT201.Pv, 2.424375, 30/6/2015 5:58:53 PM, False, Not Annotated, False
D8CF2232, SWAT_SUTD:RSLinx Enterprise:P2.HMI_FIT201.Pv, 2.424375, 30/6/2015 5:58:54 PM, False, Not Annotated, False
D8CF2232, SWAT_SUTD:RSLinx Enterprise:P2.HMI_FIT201.Pv, 2.424375, 30/6/2015 5:58:55 PM, False, Not Annotated, False
D8CF2232, SWAT_SUTD:RSLinx Enterprise:P2.HMI_FIT201.Pv, 2.42399, 30/6/2015 5:58:56 PM, False, Not Annotated, False
D8CF2232, SWAT_SUTD:RSLinx Enterprise:P2.HMI_FIT201.Pv, 2.422324, 30/6/2015 5:58:57 PM, False, Not Annotated, False
D8CF2232, SWAT_SUTD:RSLinx Enterprise:P2.HMI_FIT201.Pv, 2.423349, 30/6/2015 5:58:58 PM, False, Not Annotated, False
D8CF2232, SWAT_SUTD:RSLinx Enterprise:P2.HMI_FIT201.Pv, 2.427066, 30/6/2015 5:58:59 PM, False, Not Annotated, False
D8CF2232, SWAT_SUTD:RSLinx Enterprise:P2.HMI_FIT201.Pv, 2.427066, 30/6/2015 5:59:00 PM, False, Not Annotated, False
D8CF2232, SWAT_SUTD:RSLinx Enterprise:P2.HMI_FIT201.Pv, 2.427066, 30/6/2015 5:59:01 PM, False, Not Annotated, False
D8CF2232, SWAT_SUTD:RSLinx Enterprise:P2.HMI_FIT201.Pv, 2.427066, 30/6/2015 5:59:02 PM, False, Not Annotated, False
D8CF2232, SWAT_SUTD:RSLinx Enterprise:P2.HMI_FIT201.Pv, 2.427066, 30/6/2015 5:59:03 PM, False, Not Annotated, False
D8CF2232, SWAT_SUTD:RSLinx Enterprise:P2.HMI_FIT201.Pv, 2.427066, 30/6/2015 5:59:04 PM, False, Not Annotated, False
D8CF2232, SWAT_SUTD:RSLinx Enterprise:P2.HMI_FIT201.Pv, 2.425912, 30/6/2015 5:59:05 PM, False, Not Annotated, False
D8CF2232, SWAT_SUTD:RSLinx Enterprise:P2.HMI_FIT201.Pv, 2.424503, 30/6/2015 5:59:06 PM, False, Not Annotated, False
D8CF2232, SWAT_SUTD:RSLinx Enterprise:P2.HMI_FIT201.Pv, 2.423734, 30/6/2015 5:59:07 PM, False, Not Annotated, False
D8CF2232, SWAT_SUTD:RSLinx Enterprise:P2.HMI_FIT201.Pv, 2.422068, 30/6/2015 5:59:08 PM, False, Not Annotated, False
D8CF2232, SWAT_SUTD:RSLinx Enterprise:P2.HMI_FIT201.Pv, 2.422068, 30/6/2015 5:59:09 PM, False, Not Annotated, False
D8CF2232, SWAT_SUTD:RSLinx Enterprise:P2.HMI_FIT201.Pv, 2.424246, 30/6/2015 5:59:10 PM, False, Not Annotated, False
D8CF2232, SWAT_SUTD:RSLinx Enterprise:P2.HMI_FIT201.Pv, 2.425143, 30/6/2015 5:59:11 PM, False, Not Annotated, False
D8CF2232, SWAT_SUTD:RSLinx Enterprise:P2.HMI_FIT201.Pv, 2.426809, 30/6/2015 5:59:12 PM, False, Not Annotated, False
D8CF2232, SWAT_SUTD:RSLinx Enterprise:P2.HMI_FIT201.Pv, 2.428347, 30/6/2015 5:59:13 PM, False, Not Annotated, False
D8CF2232, SWAT_SUTD:RSLinx Enterprise:P2.HMI_FIT201.Pv, 2.428347, 30/6/2015 5:59:14 PM, False, Not Annotated, False
D8CF2232, SWAT_SUTD:RSLinx Enterprise:P2.HMI_FIT201.Pv, 2.43091, 30/6/2015 5:59:15 PM, False, Not Annotated, False
D8CF2232, SWAT_SUTD:RSLinx Enterprise:P2.HMI_FIT201.Pv, 2.43091, 30/6/2015 5:59:16 PM, False, Not Annotated, False
D8CF2232, SWAT_SUTD:RSLinx Enterprise:P2.HMI_FIT201.Pv, 2.432448, 30/6/2015 5:59:17 PM, False, Not Annotated, False
D8CF2232, SWAT_SUTD:RSLinx Enterprise:P2.HMI_FIT201.Pv, 2.432448, 30/6/2015 5:59:18 PM, False, Not Annotated, False
D8CF2232, SWAT_SUTD:RSLinx Enterprise:P2.HMI_FIT201.Pv, 2.432448, 30/6/2015 5:59:19 PM, False, Not Annotated, False
D8CF2232, SWAT_SUTD:RSLinx Enterprise:P2.HMI_FIT201.Pv, 2.432448, 30/6/2015 5:59:20 PM, False, Not Annotated, False
D8CF2232, SWAT_SUTD:RSLinx Enterprise:P2.HMI_FIT201.Pv, 2.429629, 30/6/2015 5:59:21 PM, False, Not Annotated, False
D8CF2232, SWAT_SUTD:RSLinx Enterprise:P2.HMI_FIT201.Pv, 2.428347, 30/6/2015 5:59:22 PM, False, Not Annotated, False
D8CF2232, SWAT_SUTD:RSLinx Enterprise:P2.HMI_FIT201.Pv, 2.428347, 30/6/2015 5:59:23 PM, False, Not Annotated, False
D8CF2232, SWAT_SUTD:RSLinx Enterprise:P2.HMI_FIT201.Pv, 2.429501, 30/6/2015 5:59:24 PM, False, Not Annotated, False
D8CF2232, SWAT_SUTD:RSLinx Enterprise:P2.HMI_FIT201.Pv, 2.431935, 30/6/2015 5:59:25 PM, False, Not Annotated, False
D8CF2232, SWAT_SUTD:RSLinx Enterprise:P2.HMI_FIT201.Pv, 2.430654, 30/6/2015 5:59:26 PM, False, Not Annotated, False
D8CF2232, SWAT_SUTD:RSLinx Enterprise:P2.HMI_FIT201.Pv, 2.428732, 30/6/2015 5:59:27 PM, False, Not Annotated, False
D8CF2232, SWAT_SUTD:RSLinx Enterprise:P2.HMI_FIT201.Pv, 2.428732, 30/6/2015 5:59:28 PM, False, Not Annotated, False
D8CF2232, SWAT_SUTD:RSLinx Enterprise:P2.HMI_FIT201.Pv, 2.428732, 30/6/2015 5:59:29 PM, False, Not Annotated, False
D8CF2232, SWAT_SUTD:RSLinx Enterprise:P2.HMI_FIT201.Pv, 2.42886, 30/6/2015 5:59:30 PM, False, Not Annotated, False
D8CF2232, SWAT_SUTD:RSLinx Enterprise:P2.HMI_FIT201.Pv, 2.42886, 30/6/2015 5:59:31 PM, False, Not Annotated, False
D8CF2232, SWAT_SUTD:RSLinx Enterprise:P2.HMI_FIT201.Pv, 2.42399, 30/6/2015 5:59:32 PM, False, Not Annotated, False
D8CF2232, SWAT_SUTD:RSLinx Enterprise:P2.HMI_FIT201.Pv, 2.422068, 30/6/2015 5:59:33 PM, False, Not Annotated, False
D8CF2232, SWAT_SUTD:RSLinx Enterprise:P2.HMI_FIT201.Pv, 2.422068, 30/6/2015 5:59:34 PM, False, Not Annotated, False
D8CF2232, SWAT_SUTD:RSLinx Enterprise:P2.HMI_FIT201.Pv, 2.424375, 30/6/2015 5:59:35 PM, False, Not Annotated, False
D8CF2232, SWAT_SUTD:RSLinx Enterprise:P2.HMI_FIT201.Pv, 2.425528, 30/6/2015 5:59:36 PM, False, Not Annotated, False
D8CF2232, SWAT_SUTD:RSLinx Enterprise:P2.HMI_FIT201.Pv, 2.425528, 30/6/2015 5:59:37 PM, False, Not Annotated, False
D8CF2232, SWAT_SUTD:RSLinx Enterprise:P2.HMI_FIT201.Pv, 2.423734, 30/6/2015 5:59:38 PM, False, Not Annotated, False
D8CF2232, SWAT_SUTD:RSLinx Enterprise:P2.HMI_FIT201.Pv, 2.422965, 30/6/2015 5:59:39 PM, False, Not Annotated, False
D8CF2232, SWAT_SUTD:RSLinx Enterprise:P2.HMI_FIT201.Pv, 2.425272, 30/6/2015 5:59:40 PM, False, Not Annotated, False
D8CF2232, SWAT_SUTD:RSLinx Enterprise:P2.HMI_FIT201.Pv, 2.42745, 30/6/2015 5:59:41 PM, False, Not Annotated, False
D8CF2232, SWAT_SUTD:RSLinx Enterprise:P2.HMI_FIT201.Pv, 2.427835, 30/6/2015 5:59:42 PM, False, Not Annotated, False
D8CF2232, SWAT_SUTD:RSLinx Enterprise:P2.HMI_FIT201.Pv, 2.427835, 30/6/2015 5:59:43 PM, False, Not Annotated, False
D8CF2232, SWAT_SUTD:RSLinx Enterprise:P2.HMI_FIT201.Pv, 2.427835, 30/6/2015 5:59:44 PM, False, Not Annotated, False
D8CF2232, SWAT_SUTD:RSLinx Enterprise:P2.HMI_FIT201.Pv, 2.43091, 30/6/2015 5:59:45 PM, False, Not Annotated, False
D8CF2232, SWAT_SUTD:RSLinx Enterprise:P2.HMI_FIT201.Pv, 2.431935, 30/6/2015 5:59:46 PM, False, Not Annotated, False
D8CF2232, SWAT_SUTD:RSLinx Enterprise:P2.HMI_FIT201.Pv, 2.431935, 30/6/2015 5:59:47 PM, False, Not Annotated, False
D8CF2232, SWAT_SUTD:RSLinx Enterprise:P2.HMI_FIT201.Pv, 2.431935, 30/6/2015 5:59:48 PM, False, Not Annotated, False
D8CF2232, SWAT_SUTD:RSLinx Enterprise:P2.HMI_FIT201.Pv, 2.430013, 30/6/2015 5:59:49 PM, False, Not Annotated, False
D8CF2232, SWAT_SUTD:RSLinx Enterprise:P2.HMI_FIT201.Pv, 2.430013, 30/6/2015 5:59:50 PM, False, Not Annotated, False
D8CF2232, SWAT_SUTD:RSLinx Enterprise:P2.HMI_FIT201.Pv, 2.430013, 30/6/2015 5:59:51 PM, False, Not Annotated, False
D8CF2232, SWAT_SUTD:RSLinx Enterprise:P2.HMI_FIT201.Pv, 2.430013, 30/6/2015 5:59:52 PM, False, Not Annotated, False
D8CF2232, SWAT_SUTD:RSLinx Enterprise:P2.HMI_FIT201.Pv, 2.428091, 30/6/2015 5:59:53 PM, False, Not Annotated, False
D8CF2232, SWAT_SUTD:RSLinx Enterprise:P2.HMI_FIT201.Pv, 2.426169, 30/6/2015 5:59:54 PM, False, Not Annotated, False
D8CF2232, SWAT_SUTD:RSLinx Enterprise:P2.HMI_FIT201.Pv, 2.426169, 30/6/2015 5:59:55 PM, False, Not Annotated, False
D8CF2232, SWAT_SUTD:RSLinx Enterprise:P2.HMI_FIT201.Pv, 2.428219, 30/6/2015 5:59:56 PM, False, Not Annotated, False
D8CF2232, SWAT_SUTD:RSLinx Enterprise:P2.HMI_FIT201.Pv, 2.42886, 30/6/2015 5:59:57 PM, False, Not Annotated, False
D8CF2232, SWAT_SUTD:RSLinx Enterprise:P2.HMI_FIT201.Pv, 2.42886, 30/6/2015 5:59:58 PM, False, Not Annotated, False
D8CF2232, SWAT_SUTD:RSLinx Enterprise:P2.HMI_FIT201.Pv, 2.42886, 30/6/2015 5:59:59 PM, False, Not Annotated, False
D8CF2232, SWAT_SUTD:RSLinx Enterprise:P2.HMI_FIT201.Pv, 2.42886, 30/6/2015 6:00:00 PM, False, Not Annotated, False
D8CF2232, SWAT_SUTD:RSLinx Enterprise:P2.HMI_FIT201.Pv, 2.428347, 30/6/2015 6:00:01 PM, False, Not Annotated, False
D8CF2232, SWAT_SUTD:RSLinx Enterprise:P2.HMI_FIT201.Pv, 2.425912, 30/6/2015 6:00:02 PM, False, Not Annotated, False
D8CF2232, SWAT_SUTD:RSLinx Enterprise:P2.HMI_FIT201.Pv, 2.425272, 30/6/2015 6:00:03 PM, False, Not Annotated, False
D8CF2232, SWAT_SUTD:RSLinx Enterprise:P2.HMI_FIT201.Pv, 2.425272, 30/6/2015 6:00:04 PM, False, Not Annotated, False
D8CF2232, SWAT_SUTD:RSLinx Enterprise:P2.HMI_FIT201.Pv, 2.425272, 30/6/2015 6:00:05 PM, False, Not Annotated, False
D8CF2232, SWAT_SUTD:RSLinx Enterprise:P2.HMI_FIT201.Pv, 2.424631, 30/6/2015 6:00:06 PM, False, Not Annotated, False
D8CF2232, SWAT_SUTD:RSLinx Enterprise:P2.HMI_FIT201.Pv, 2.424631, 30/6/2015 6:00:07 PM, False, Not Annotated, False
D8CF2232, SWAT_SUTD:RSLinx Enterprise:P2.HMI_FIT201.Pv, 2.424631, 30/6/2015 6:00:08 PM, False, Not Annotated, False
D8CF2232, SWAT_SUTD:RSLinx Enterprise:P2.HMI_FIT201.Pv, 2.424631, 30/6/2015 6:00:09 PM, False, Not Annotated, False
D8CF2232, SWAT_SUTD:RSLinx Enterprise:P2.HMI_FIT201.Pv, 2.427706, 30/6/2015 6:00:10 PM, False, Not Annotated, False
D8CF2232, SWAT_SUTD:RSLinx Enterprise:P2.HMI_FIT201.Pv, 2.429372, 30/6/2015 6:00:11 PM, False, Not Annotated, False
D8CF2232, SWAT_SUTD:RSLinx Enterprise:P2.HMI_FIT201.Pv, 2.430013, 30/6/2015 6:00:12 PM, False, Not Annotated, False
D8CF2232, SWAT_SUTD:RSLinx Enterprise:P2.HMI_FIT201.Pv, 2.433986, 30/6/2015 6:00:13 PM, False, Not Annotated, False
D8CF2232, SWAT_SUTD:RSLinx Enterprise:P2.HMI_FIT201.Pv, 2.433986, 30/6/2015 6:00:14 PM, False, Not Annotated, False
D8CF2232, SWAT_SUTD:RSLinx Enterprise:P2.HMI_FIT201.Pv, 2.433986, 30/6/2015 6:00:15 PM, False, Not Annotated, False
D8CF2232, SWAT_SUTD:RSLinx Enterprise:P2.HMI_FIT201.Pv, 2.432704, 30/6/2015 6:00:16 PM, False, Not Annotated, False
D8CF2232, SWAT_SUTD:RSLinx Enterprise:P2.HMI_FIT201.Pv, 2.431551, 30/6/2015 6:00:17 PM, False, Not Annotated, False
D8CF2232, SWAT_SUTD:RSLinx Enterprise:P2.HMI_FIT201.Pv, 2.429116, 30/6/2015 6:00:18 PM, False, Not Annotated, False
D8CF2232, SWAT_SUTD:RSLinx Enterprise:P2.HMI_FIT201.Pv, 2.429116, 30/6/2015 6:00:19 PM, False, Not Annotated, False
D8CF2232, SWAT_SUTD:RSLinx Enterprise:P2.HMI_FIT201.Pv, 2.429116, 30/6/2015 6:00:20 PM, False, Not Annotated, False
D8CF2232, SWAT_SUTD:RSLinx Enterprise:P2.HMI_FIT201.Pv, 2.429116, 30/6/2015 6:00:21 PM, False, Not Annotated, False
D8CF2232, SWAT_SUTD:RSLinx Enterprise:P2.HMI_FIT201.Pv, 2.429116, 30/6/2015 6:00:22 PM, False, Not Annotated, False
D8CF2232, SWAT_SUTD:RSLinx Enterprise:P2.HMI_FIT201.Pv, 2.429116, 30/6/2015 6:00:23 PM, False, Not Annotated, False
D8CF2232, SWAT_SUTD:RSLinx Enterprise:P2.HMI_FIT201.Pv, 2.432192, 30/6/2015 6:00:24 PM, False, Not Annotated, False
D8CF2232, SWAT_SUTD:RSLinx Enterprise:P2.HMI_FIT201.Pv, 2.43437, 30/6/2015 6:00:25 PM, False, Not Annotated, False
D8CF2232, SWAT_SUTD:RSLinx Enterprise:P2.HMI_FIT201.Pv, 2.43437, 30/6/2015 6:00:26 PM, False, Not Annotated, False
D8CF2232, SWAT_SUTD:RSLinx Enterprise:P2.HMI_FIT201.Pv, 2.435395, 30/6/2015 6:00:27 PM, False, Not Annotated, False
D8CF2232, SWAT_SUTD:RSLinx Enterprise:P2.HMI_FIT201.Pv, 2.435908, 30/6/2015 6:00:28 PM, False, Not Annotated, False
D8CF2232, SWAT_SUTD:RSLinx Enterprise:P2.HMI_FIT201.Pv, 2.434627, 30/6/2015 6:00:29 PM, False, Not Annotated, False
D8CF2232, SWAT_SUTD:RSLinx Enterprise:P2.HMI_FIT201.Pv, 2.434114, 30/6/2015 6:00:30 PM, False, Not Annotated, False
D8CF2232, SWAT_SUTD:RSLinx Enterprise:P2.HMI_FIT201.Pv, 2.434114, 30/6/2015 6:00:31 PM, False, Not Annotated, False
D8CF2232, SWAT_SUTD:RSLinx Enterprise:P2.HMI_FIT201.Pv, 2.431551, 30/6/2015 6:00:32 PM, False, Not Annotated, False
D8CF2232, SWAT_SUTD:RSLinx Enterprise:P2.HMI_FIT201.Pv, 2.431551, 30/6/2015 6:00:33 PM, False, Not Annotated, False
D8CF2232, SWAT_SUTD:RSLinx Enterprise:P2.HMI_FIT201.Pv, 2.431551, 30/6/2015 6:00:34 PM, False, Not Annotated, False
D8CF2232, SWAT_SUTD:RSLinx Enterprise:P2.HMI_FIT201.Pv, 2.431551, 30/6/2015 6:00:35 PM, False, Not Annotated, False
D8CF2232, SWAT_SUTD:RSLinx Enterprise:P2.HMI_FIT201.Pv, 2.431551, 30/6/2015 6:00:36 PM, False, Not Annotated, False
D8CF2232, SWAT_SUTD:RSLinx Enterprise:P2.HMI_FIT201.Pv, 2.43373, 30/6/2015 6:00:37 PM, False, Not Annotated, False
D8CF2232, SWAT_SUTD:RSLinx Enterprise:P2.HMI_FIT201.Pv, 2.434114, 30/6/2015 6:00:38 PM, False, Not Annotated, False
D8CF2232, SWAT_SUTD:RSLinx Enterprise:P2.HMI_FIT201.Pv, 2.434114, 30/6/2015 6:00:39 PM, False, Not Annotated, False
D8CF2232, SWAT_SUTD:RSLinx Enterprise:P2.HMI_FIT201.Pv, 2.431551, 30/6/2015 6:00:40 PM, False, Not Annotated, False
D8CF2232, SWAT_SUTD:RSLinx Enterprise:P2.HMI_FIT201.Pv, 2.429629, 30/6/2015 6:00:41 PM, False, Not Annotated, False
D8CF2232, SWAT_SUTD:RSLinx Enterprise:P2.HMI_FIT201.Pv, 2.428219, 30/6/2015 6:00:42 PM, False, Not Annotated, False
D8CF2232, SWAT_SUTD:RSLinx Enterprise:P2.HMI_FIT201.Pv, 2.428219, 30/6/2015 6:00:43 PM, False, Not Annotated, False
D8CF2232, SWAT_SUTD:RSLinx Enterprise:P2.HMI_FIT201.Pv, 2.428219, 30/6/2015 6:00:44 PM, False, Not Annotated, False
D8CF2232, SWAT_SUTD:RSLinx Enterprise:P2.HMI_FIT201.Pv, 2.426938, 30/6/2015 6:00:45 PM, False, Not Annotated, False
D8CF2232, SWAT_SUTD:RSLinx Enterprise:P2.HMI_FIT201.Pv, 2.426938, 30/6/2015 6:00:46 PM, False, Not Annotated, False
D8CF2232, SWAT_SUTD:RSLinx Enterprise:P2.HMI_FIT201.Pv, 2.425656, 30/6/2015 6:00:47 PM, False, Not Annotated, False
D8CF2232, SWAT_SUTD:RSLinx Enterprise:P2.HMI_FIT201.Pv, 2.425656, 30/6/2015 6:00:48 PM, False, Not Annotated, False
D8CF2232, SWAT_SUTD:RSLinx Enterprise:P2.HMI_FIT201.Pv, 2.425656, 30/6/2015 6:00:49 PM, False, Not Annotated, False
D8CF2232, SWAT_SUTD:RSLinx Enterprise:P2.HMI_FIT201.Pv, 2.427706, 30/6/2015 6:00:50 PM, False, Not Annotated, False
D8CF2232, SWAT_SUTD:RSLinx Enterprise:P2.HMI_FIT201.Pv, 2.428732, 30/6/2015 6:00:51 PM, False, Not Annotated, False
D8CF2232, SWAT_SUTD:RSLinx Enterprise:P2.HMI_FIT201.Pv, 2.430013, 30/6/2015 6:00:52 PM, False, Not Annotated, False
D8CF2232, SWAT_SUTD:RSLinx Enterprise:P2.HMI_FIT201.Pv, 2.430013, 30/6/2015 6:00:53 PM, False, Not Annotated, False
D8CF2232, SWAT_SUTD:RSLinx Enterprise:P2.HMI_FIT201.Pv, 2.430013, 30/6/2015 6:00:54 PM, False, Not Annotated, False
D8CF2232, SWAT_SUTD:RSLinx Enterprise:P2.HMI_FIT201.Pv, 2.430013, 30/6/2015 6:00:55 PM, False, Not Annotated, False
D8CF2232, SWAT_SUTD:RSLinx Enterprise:P2.HMI_FIT201.Pv, 2.431423, 30/6/2015 6:00:56 PM, False, Not Annotated, False
D8CF2232, SWAT_SUTD:RSLinx Enterprise:P2.HMI_FIT201.Pv, 2.433473, 30/6/2015 6:00:57 PM, False, Not Annotated, False
D8CF2232, SWAT_SUTD:RSLinx Enterprise:P2.HMI_FIT201.Pv, 2.434499, 30/6/2015 6:00:58 PM, False, Not Annotated, False
D8CF2232, SWAT_SUTD:RSLinx Enterprise:P2.HMI_FIT201.Pv, 2.431935, 30/6/2015 6:00:59 PM, False, Not Annotated, False
D8CF2232, SWAT_SUTD:RSLinx Enterprise:P2.HMI_FIT201.Pv, 2.43091, 30/6/2015 6:01:00 PM, False, Not Annotated, False
D8CF2232, SWAT_SUTD:RSLinx Enterprise:P2.HMI_FIT201.Pv, 2.43091, 30/6/2015 6:01:01 PM, False, Not Annotated, False
D8CF2232, SWAT_SUTD:RSLinx Enterprise:P2.HMI_FIT201.Pv, 2.43091, 30/6/2015 6:01:02 PM, False, Not Annotated, False
D8CF2232, SWAT_SUTD:RSLinx Enterprise:P2.HMI_FIT201.Pv, 2.428732, 30/6/2015 6:01:03 PM, False, Not Annotated, False
D8CF2232, SWAT_SUTD:RSLinx Enterprise:P2.HMI_FIT201.Pv, 2.426938, 30/6/2015 6:01:04 PM, False, Not Annotated, False
D8CF2232, SWAT_SUTD:RSLinx Enterprise:P2.HMI_FIT201.Pv, 2.426809, 30/6/2015 6:01:05 PM, False, Not Annotated, False
D8CF2232, SWAT_SUTD:RSLinx Enterprise:P2.HMI_FIT201.Pv, 2.426809, 30/6/2015 6:01:06 PM, False, Not Annotated, False
D8CF2232, SWAT_SUTD:RSLinx Enterprise:P2.HMI_FIT201.Pv, 2.426809, 30/6/2015 6:01:07 PM, False, Not Annotated, False
D8CF2232, SWAT_SUTD:RSLinx Enterprise:P2.HMI_FIT201.Pv, 2.426809, 30/6/2015 6:01:08 PM, False, Not Annotated, False
D8CF2232, SWAT_SUTD:RSLinx Enterprise:P2.HMI_FIT201.Pv, 2.426809, 30/6/2015 6:01:09 PM, False, Not Annotated, False
D8CF2232, SWAT_SUTD:RSLinx Enterprise:P2.HMI_FIT201.Pv, 2.426809, 30/6/2015 6:01:10 PM, False, Not Annotated, False
D8CF2232, SWAT_SUTD:RSLinx Enterprise:P2.HMI_FIT201.Pv, 2.428219, 30/6/2015 6:01:11 PM, False, Not Annotated, False
D8CF2232, SWAT_SUTD:RSLinx Enterprise:P2.HMI_FIT201.Pv, 2.43091, 30/6/2015 6:01:12 PM, False, Not Annotated, False
D8CF2232, SWAT_SUTD:RSLinx Enterprise:P2.HMI_FIT201.Pv, 2.43091, 30/6/2015 6:01:13 PM, False, Not Annotated, False
D8CF2232, SWAT_SUTD:RSLinx Enterprise:P2.HMI_FIT201.Pv, 2.432576, 30/6/2015 6:01:14 PM, False, Not Annotated, False
D8CF2232, SWAT_SUTD:RSLinx Enterprise:P2.HMI_FIT201.Pv, 2.432576, 30/6/2015 6:01:15 PM, False, Not Annotated, False
D8CF2232, SWAT_SUTD:RSLinx Enterprise:P2.HMI_FIT201.Pv, 2.429629, 30/6/2015 6:01:16 PM, False, Not Annotated, False
D8CF2232, SWAT_SUTD:RSLinx Enterprise:P2.HMI_FIT201.Pv, 2.428732, 30/6/2015 6:01:17 PM, False, Not Annotated, False
D8CF2232, SWAT_SUTD:RSLinx Enterprise:P2.HMI_FIT201.Pv, 2.428732, 30/6/2015 6:01:18 PM, False, Not Annotated, False
D8CF2232, SWAT_SUTD:RSLinx Enterprise:P2.HMI_FIT201.Pv, 2.430269, 30/6/2015 6:01:19 PM, False, Not Annotated, False
D8CF2232, SWAT_SUTD:RSLinx Enterprise:P2.HMI_FIT201.Pv, 2.433089, 30/6/2015 6:01:20 PM, False, Not Annotated, False
D8CF2232, SWAT_SUTD:RSLinx Enterprise:P2.HMI_FIT201.Pv, 2.434755, 30/6/2015 6:01:21 PM, False, Not Annotated, False
D8CF2232, SWAT_SUTD:RSLinx Enterprise:P2.HMI_FIT201.Pv, 2.434755, 30/6/2015 6:01:22 PM, False, Not Annotated, False
D8CF2232, SWAT_SUTD:RSLinx Enterprise:P2.HMI_FIT201.Pv, 2.433089, 30/6/2015 6:01:23 PM, False, Not Annotated, False
D8CF2232, SWAT_SUTD:RSLinx Enterprise:P2.HMI_FIT201.Pv, 2.433345, 30/6/2015 6:01:24 PM, False, Not Annotated, False
D8CF2232, SWAT_SUTD:RSLinx Enterprise:P2.HMI_FIT201.Pv, 2.435652, 30/6/2015 6:01:25 PM, False, Not Annotated, False
D8CF2232, SWAT_SUTD:RSLinx Enterprise:P2.HMI_FIT201.Pv, 2.432832, 30/6/2015 6:01:26 PM, False, Not Annotated, False
D8CF2232, SWAT_SUTD:RSLinx Enterprise:P2.HMI_FIT201.Pv, 2.432448, 30/6/2015 6:01:27 PM, False, Not Annotated, False
D8CF2232, SWAT_SUTD:RSLinx Enterprise:P2.HMI_FIT201.Pv, 2.432448, 30/6/2015 6:01:28 PM, False, Not Annotated, False
D8CF2232, SWAT_SUTD:RSLinx Enterprise:P2.HMI_FIT201.Pv, 2.432448, 30/6/2015 6:01:29 PM, False, Not Annotated, False
D8CF2232, SWAT_SUTD:RSLinx Enterprise:P2.HMI_FIT201.Pv, 2.432448, 30/6/2015 6:01:30 PM, False, Not Annotated, False
D8CF2232, SWAT_SUTD:RSLinx Enterprise:P2.HMI_FIT201.Pv, 2.432448, 30/6/2015 6:01:31 PM, False, Not Annotated, False
D8CF2232, SWAT_SUTD:RSLinx Enterprise:P2.HMI_FIT201.Pv, 2.42886, 30/6/2015 6:01:32 PM, False, Not Annotated, False
D8CF2232, SWAT_SUTD:RSLinx Enterprise:P2.HMI_FIT201.Pv, 2.433217, 30/6/2015 6:01:33 PM, False, Not Annotated, False
D8CF2232, SWAT_SUTD:RSLinx Enterprise:P2.HMI_FIT201.Pv, 2.43437, 30/6/2015 6:01:34 PM, False, Not Annotated, False
D8CF2232, SWAT_SUTD:RSLinx Enterprise:P2.HMI_FIT201.Pv, 2.432192, 30/6/2015 6:01:35 PM, False, Not Annotated, False
D8CF2232, SWAT_SUTD:RSLinx Enterprise:P2.HMI_FIT201.Pv, 2.430654, 30/6/2015 6:01:36 PM, False, Not Annotated, False
D8CF2232, SWAT_SUTD:RSLinx Enterprise:P2.HMI_FIT201.Pv, 2.430654, 30/6/2015 6:01:37 PM, False, Not Annotated, False
D8CF2232, SWAT_SUTD:RSLinx Enterprise:P2.HMI_FIT201.Pv, 2.429629, 30/6/2015 6:01:38 PM, False, Not Annotated, False
D8CF2232, SWAT_SUTD:RSLinx Enterprise:P2.HMI_FIT201.Pv, 2.431423, 30/6/2015 6:01:39 PM, False, Not Annotated, False
D8CF2232, SWAT_SUTD:RSLinx Enterprise:P2.HMI_FIT201.Pv, 2.432448, 30/6/2015 6:01:40 PM, False, Not Annotated, False
D8CF2232, SWAT_SUTD:RSLinx Enterprise:P2.HMI_FIT201.Pv, 2.432448, 30/6/2015 6:01:41 PM, False, Not Annotated, False
D8CF2232, SWAT_SUTD:RSLinx Enterprise:P2.HMI_FIT201.Pv, 2.428475, 30/6/2015 6:01:42 PM, False, Not Annotated, False
D8CF2232, SWAT_SUTD:RSLinx Enterprise:P2.HMI_FIT201.Pv, 2.427706, 30/6/2015 6:01:43 PM, False, Not Annotated, False
D8CF2232, SWAT_SUTD:RSLinx Enterprise:P2.HMI_FIT201.Pv, 2.430013, 30/6/2015 6:01:44 PM, False, Not Annotated, False
D8CF2232, SWAT_SUTD:RSLinx Enterprise:P2.HMI_FIT201.Pv, 2.430141, 30/6/2015 6:01:45 PM, False, Not Annotated, False
D8CF2232, SWAT_SUTD:RSLinx Enterprise:P2.HMI_FIT201.Pv, 2.430141, 30/6/2015 6:01:46 PM, False, Not Annotated, False
D8CF2232, SWAT_SUTD:RSLinx Enterprise:P2.HMI_FIT201.Pv, 2.432192, 30/6/2015 6:01:47 PM, False, Not Annotated, False
D8CF2232, SWAT_SUTD:RSLinx Enterprise:P2.HMI_FIT201.Pv, 2.432192, 30/6/2015 6:01:48 PM, False, Not Annotated, False
D8CF2232, SWAT_SUTD:RSLinx Enterprise:P2.HMI_FIT201.Pv, 2.43437, 30/6/2015 6:01:49 PM, False, Not Annotated, False
D8CF2232, SWAT_SUTD:RSLinx Enterprise:P2.HMI_FIT201.Pv, 2.43437, 30/6/2015 6:01:50 PM, False, Not Annotated, False
D8CF2232, SWAT_SUTD:RSLinx Enterprise:P2.HMI_FIT201.Pv, 2.435267, 30/6/2015 6:01:51 PM, False, Not Annotated, False
D8CF2232, SWAT_SUTD:RSLinx Enterprise:P2.HMI_FIT201.Pv, 2.438471, 30/6/2015 6:01:52 PM, False, Not Annotated, False
D8CF2232, SWAT_SUTD:RSLinx Enterprise:P2.HMI_FIT201.Pv, 2.440393, 30/6/2015 6:01:53 PM, False, Not Annotated, False
D8CF2232, SWAT_SUTD:RSLinx Enterprise:P2.HMI_FIT201.Pv, 2.441803, 30/6/2015 6:01:54 PM, False, Not Annotated, False
D8CF2232, SWAT_SUTD:RSLinx Enterprise:P2.HMI_FIT201.Pv, 2.441803, 30/6/2015 6:01:55 PM, False, Not Annotated, False
D8CF2232, SWAT_SUTD:RSLinx Enterprise:P2.HMI_FIT201.Pv, 2.442828, 30/6/2015 6:01:56 PM, False, Not Annotated, False
D8CF2232, SWAT_SUTD:RSLinx Enterprise:P2.HMI_FIT201.Pv, 2.442828, 30/6/2015 6:01:57 PM, False, Not Annotated, False
D8CF2232, SWAT_SUTD:RSLinx Enterprise:P2.HMI_FIT201.Pv, 2.441034, 30/6/2015 6:01:58 PM, False, Not Annotated, False
D8CF2232, SWAT_SUTD:RSLinx Enterprise:P2.HMI_FIT201.Pv, 2.441034, 30/6/2015 6:01:59 PM, False, Not Annotated, False
D8CF2232, SWAT_SUTD:RSLinx Enterprise:P2.HMI_FIT201.Pv, 2.439881, 30/6/2015 6:02:00 PM, False, Not Annotated, False
D8CF2232, SWAT_SUTD:RSLinx Enterprise:P2.HMI_FIT201.Pv, 2.439881, 30/6/2015 6:02:01 PM, False, Not Annotated, False
D8CF2232, SWAT_SUTD:RSLinx Enterprise:P2.HMI_FIT201.Pv, 2.439881, 30/6/2015 6:02:02 PM, False, Not Annotated, False
D8CF2232, SWAT_SUTD:RSLinx Enterprise:P2.HMI_FIT201.Pv, 2.439881, 30/6/2015 6:02:03 PM, False, Not Annotated, False
D8CF2232, SWAT_SUTD:RSLinx Enterprise:P2.HMI_FIT201.Pv, 2.439881, 30/6/2015 6:02:04 PM, False, Not Annotated, False
D8CF2232, SWAT_SUTD:RSLinx Enterprise:P2.HMI_FIT201.Pv, 2.436933, 30/6/2015 6:02:05 PM, False, Not Annotated, False
D8CF2232, SWAT_SUTD:RSLinx Enterprise:P2.HMI_FIT201.Pv, 2.435011, 30/6/2015 6:02:06 PM, False, Not Annotated, False
D8CF2232, SWAT_SUTD:RSLinx Enterprise:P2.HMI_FIT201.Pv, 2.435011, 30/6/2015 6:02:07 PM, False, Not Annotated, False
D8CF2232, SWAT_SUTD:RSLinx Enterprise:P2.HMI_FIT201.Pv, 2.432448, 30/6/2015 6:02:08 PM, False, Not Annotated, False
D8CF2232, SWAT_SUTD:RSLinx Enterprise:P2.HMI_FIT201.Pv, 2.429757, 30/6/2015 6:02:09 PM, False, Not Annotated, False
D8CF2232, SWAT_SUTD:RSLinx Enterprise:P2.HMI_FIT201.Pv, 2.429116, 30/6/2015 6:02:10 PM, False, Not Annotated, False
D8CF2232, SWAT_SUTD:RSLinx Enterprise:P2.HMI_FIT201.Pv, 2.428219, 30/6/2015 6:02:11 PM, False, Not Annotated, False
D8CF2232, SWAT_SUTD:RSLinx Enterprise:P2.HMI_FIT201.Pv, 2.428219, 30/6/2015 6:02:12 PM, False, Not Annotated, False
D8CF2232, SWAT_SUTD:RSLinx Enterprise:P2.HMI_FIT201.Pv, 2.429629, 30/6/2015 6:02:13 PM, False, Not Annotated, False
D8CF2232, SWAT_SUTD:RSLinx Enterprise:P2.HMI_FIT201.Pv, 2.430141, 30/6/2015 6:02:14 PM, False, Not Annotated, False
D8CF2232, SWAT_SUTD:RSLinx Enterprise:P2.HMI_FIT201.Pv, 2.430141, 30/6/2015 6:02:15 PM, False, Not Annotated, False
D8CF2232, SWAT_SUTD:RSLinx Enterprise:P2.HMI_FIT201.Pv, 2.430141, 30/6/2015 6:02:16 PM, False, Not Annotated, False
D8CF2232, SWAT_SUTD:RSLinx Enterprise:P2.HMI_FIT201.Pv, 2.430141, 30/6/2015 6:02:17 PM, False, Not Annotated, False
D8CF2232, SWAT_SUTD:RSLinx Enterprise:P2.HMI_FIT201.Pv, 2.433986, 30/6/2015 6:02:18 PM, False, Not Annotated, False
D8CF2232, SWAT_SUTD:RSLinx Enterprise:P2.HMI_FIT201.Pv, 2.435011, 30/6/2015 6:02:19 PM, False, Not Annotated, False
D8CF2232, SWAT_SUTD:RSLinx Enterprise:P2.HMI_FIT201.Pv, 2.43578, 30/6/2015 6:02:20 PM, False, Not Annotated, False
D8CF2232, SWAT_SUTD:RSLinx Enterprise:P2.HMI_FIT201.Pv, 2.43578, 30/6/2015 6:02:21 PM, False, Not Annotated, False
D8CF2232, SWAT_SUTD:RSLinx Enterprise:P2.HMI_FIT201.Pv, 2.43578, 30/6/2015 6:02:22 PM, False, Not Annotated, False
D8CF2232, SWAT_SUTD:RSLinx Enterprise:P2.HMI_FIT201.Pv, 2.43578, 30/6/2015 6:02:23 PM, False, Not Annotated, False
D8CF2232, SWAT_SUTD:RSLinx Enterprise:P2.HMI_FIT201.Pv, 2.43578, 30/6/2015 6:02:24 PM, False, Not Annotated, False
D8CF2232, SWAT_SUTD:RSLinx Enterprise:P2.HMI_FIT201.Pv, 2.433858, 30/6/2015 6:02:25 PM, False, Not Annotated, False
D8CF2232, SWAT_SUTD:RSLinx Enterprise:P2.HMI_FIT201.Pv, 2.432448, 30/6/2015 6:02:26 PM, False, Not Annotated, False
D8CF2232, SWAT_SUTD:RSLinx Enterprise:P2.HMI_FIT201.Pv, 2.432448, 30/6/2015 6:02:27 PM, False, Not Annotated, False
D8CF2232, SWAT_SUTD:RSLinx Enterprise:P2.HMI_FIT201.Pv, 2.432448, 30/6/2015 6:02:28 PM, False, Not Annotated, False
D8CF2232, SWAT_SUTD:RSLinx Enterprise:P2.HMI_FIT201.Pv, 2.432448, 30/6/2015 6:02:29 PM, False, Not Annotated, False
D8CF2232, SWAT_SUTD:RSLinx Enterprise:P2.HMI_FIT201.Pv, 2.432448, 30/6/2015 6:02:30 PM, False, Not Annotated, False
D8CF2232, SWAT_SUTD:RSLinx Enterprise:P2.HMI_FIT201.Pv, 2.432448, 30/6/2015 6:02:31 PM, False, Not Annotated, False
D8CF2232, SWAT_SUTD:RSLinx Enterprise:P2.HMI_FIT201.Pv, 2.432448, 30/6/2015 6:02:32 PM, False, Not Annotated, False
D8CF2232, SWAT_SUTD:RSLinx Enterprise:P2.HMI_FIT201.Pv, 2.43373, 30/6/2015 6:02:33 PM, False, Not Annotated, False
D8CF2232, SWAT_SUTD:RSLinx Enterprise:P2.HMI_FIT201.Pv, 2.43373, 30/6/2015 6:02:34 PM, False, Not Annotated, False
D8CF2232, SWAT_SUTD:RSLinx Enterprise:P2.HMI_FIT201.Pv, 2.43373, 30/6/2015 6:02:35 PM, False, Not Annotated, False
D8CF2232, SWAT_SUTD:RSLinx Enterprise:P2.HMI_FIT201.Pv, 2.43373, 30/6/2015 6:02:36 PM, False, Not Annotated, False
D8CF2232, SWAT_SUTD:RSLinx Enterprise:P2.HMI_FIT201.Pv, 2.43373, 30/6/2015 6:02:37 PM, False, Not Annotated, False
D8CF2232, SWAT_SUTD:RSLinx Enterprise:P2.HMI_FIT201.Pv, 2.433217, 30/6/2015 6:02:38 PM, False, Not Annotated, False
D8CF2232, SWAT_SUTD:RSLinx Enterprise:P2.HMI_FIT201.Pv, 2.432704, 30/6/2015 6:02:39 PM, False, Not Annotated, False
D8CF2232, SWAT_SUTD:RSLinx Enterprise:P2.HMI_FIT201.Pv, 2.432704, 30/6/2015 6:02:40 PM, False, Not Annotated, False
D8CF2232, SWAT_SUTD:RSLinx Enterprise:P2.HMI_FIT201.Pv, 2.432704, 30/6/2015 6:02:41 PM, False, Not Annotated, False
D8CF2232, SWAT_SUTD:RSLinx Enterprise:P2.HMI_FIT201.Pv, 2.432704, 30/6/2015 6:02:42 PM, False, Not Annotated, False
D8CF2232, SWAT_SUTD:RSLinx Enterprise:P2.HMI_FIT201.Pv, 2.433986, 30/6/2015 6:02:43 PM, False, Not Annotated, False
D8CF2232, SWAT_SUTD:RSLinx Enterprise:P2.HMI_FIT201.Pv, 2.43437, 30/6/2015 6:02:44 PM, False, Not Annotated, False
D8CF2232, SWAT_SUTD:RSLinx Enterprise:P2.HMI_FIT201.Pv, 2.43437, 30/6/2015 6:02:45 PM, False, Not Annotated, False
D8CF2232, SWAT_SUTD:RSLinx Enterprise:P2.HMI_FIT201.Pv, 2.43437, 30/6/2015 6:02:46 PM, False, Not Annotated, False
D8CF2232, SWAT_SUTD:RSLinx Enterprise:P2.HMI_FIT201.Pv, 2.432832, 30/6/2015 6:02:47 PM, False, Not Annotated, False
D8CF2232, SWAT_SUTD:RSLinx Enterprise:P2.HMI_FIT201.Pv, 2.432832, 30/6/2015 6:02:48 PM, False, Not Annotated, False
D8CF2232, SWAT_SUTD:RSLinx Enterprise:P2.HMI_FIT201.Pv, 2.433089, 30/6/2015 6:02:49 PM, False, Not Annotated, False
D8CF2232, SWAT_SUTD:RSLinx Enterprise:P2.HMI_FIT201.Pv, 2.433858, 30/6/2015 6:02:50 PM, False, Not Annotated, False
D8CF2232, SWAT_SUTD:RSLinx Enterprise:P2.HMI_FIT201.Pv, 2.433986, 30/6/2015 6:02:51 PM, False, Not Annotated, False
D8CF2232, SWAT_SUTD:RSLinx Enterprise:P2.HMI_FIT201.Pv, 2.433986, 30/6/2015 6:02:52 PM, False, Not Annotated, False
D8CF2232, SWAT_SUTD:RSLinx Enterprise:P2.HMI_FIT201.Pv, 2.433986, 30/6/2015 6:02:53 PM, False, Not Annotated, False
D8CF2232, SWAT_SUTD:RSLinx Enterprise:P2.HMI_FIT201.Pv, 2.433986, 30/6/2015 6:02:54 PM, False, Not Annotated, False
D8CF2232, SWAT_SUTD:RSLinx Enterprise:P2.HMI_FIT201.Pv, 2.436036, 30/6/2015 6:02:55 PM, False, Not Annotated, False
D8CF2232, SWAT_SUTD:RSLinx Enterprise:P2.HMI_FIT201.Pv, 2.436036, 30/6/2015 6:02:56 PM, False, Not Annotated, False
D8CF2232, SWAT_SUTD:RSLinx Enterprise:P2.HMI_FIT201.Pv, 2.436036, 30/6/2015 6:02:57 PM, False, Not Annotated, False
D8CF2232, SWAT_SUTD:RSLinx Enterprise:P2.HMI_FIT201.Pv, 2.436036, 30/6/2015 6:02:58 PM, False, Not Annotated, False
D8CF2232, SWAT_SUTD:RSLinx Enterprise:P2.HMI_FIT201.Pv, 2.436036, 30/6/2015 6:02:59 PM, False, Not Annotated, False
D8CF2232, SWAT_SUTD:RSLinx Enterprise:P2.HMI_FIT201.Pv, 2.436036, 30/6/2015 6:03:00 PM, False, Not Annotated, False
D8CF2232, SWAT_SUTD:RSLinx Enterprise:P2.HMI_FIT201.Pv, 2.433345, 30/6/2015 6:03:01 PM, False, Not Annotated, False
D8CF2232, SWAT_SUTD:RSLinx Enterprise:P2.HMI_FIT201.Pv, 2.432576, 30/6/2015 6:03:02 PM, False, Not Annotated, False
D8CF2232, SWAT_SUTD:RSLinx Enterprise:P2.HMI_FIT201.Pv, 2.432576, 30/6/2015 6:03:03 PM, False, Not Annotated, False
D8CF2232, SWAT_SUTD:RSLinx Enterprise:P2.HMI_FIT201.Pv, 2.430013, 30/6/2015 6:03:04 PM, False, Not Annotated, False
D8CF2232, SWAT_SUTD:RSLinx Enterprise:P2.HMI_FIT201.Pv, 2.428347, 30/6/2015 6:03:05 PM, False, Not Annotated, False
D8CF2232, SWAT_SUTD:RSLinx Enterprise:P2.HMI_FIT201.Pv, 2.428347, 30/6/2015 6:03:06 PM, False, Not Annotated, False
D8CF2232, SWAT_SUTD:RSLinx Enterprise:P2.HMI_FIT201.Pv, 2.428347, 30/6/2015 6:03:07 PM, False, Not Annotated, False
D8CF2232, SWAT_SUTD:RSLinx Enterprise:P2.HMI_FIT201.Pv, 2.428347, 30/6/2015 6:03:08 PM, False, Not Annotated, False
D8CF2232, SWAT_SUTD:RSLinx Enterprise:P2.HMI_FIT201.Pv, 2.428347, 30/6/2015 6:03:09 PM, False, Not Annotated, False
D8CF2232, SWAT_SUTD:RSLinx Enterprise:P2.HMI_FIT201.Pv, 2.428347, 30/6/2015 6:03:10 PM, False, Not Annotated, False
D8CF2232, SWAT_SUTD:RSLinx Enterprise:P2.HMI_FIT201.Pv, 2.43373, 30/6/2015 6:03:11 PM, False, Not Annotated, False
D8CF2232, SWAT_SUTD:RSLinx Enterprise:P2.HMI_FIT201.Pv, 2.435011, 30/6/2015 6:03:12 PM, False, Not Annotated, False
D8CF2232, SWAT_SUTD:RSLinx Enterprise:P2.HMI_FIT201.Pv, 2.43719, 30/6/2015 6:03:13 PM, False, Not Annotated, False
D8CF2232, SWAT_SUTD:RSLinx Enterprise:P2.HMI_FIT201.Pv, 2.437574, 30/6/2015 6:03:14 PM, False, Not Annotated, False
D8CF2232, SWAT_SUTD:RSLinx Enterprise:P2.HMI_FIT201.Pv, 2.437574, 30/6/2015 6:03:15 PM, False, Not Annotated, False
D8CF2232, SWAT_SUTD:RSLinx Enterprise:P2.HMI_FIT201.Pv, 2.437574, 30/6/2015 6:03:16 PM, False, Not Annotated, False
D8CF2232, SWAT_SUTD:RSLinx Enterprise:P2.HMI_FIT201.Pv, 2.440906, 30/6/2015 6:03:17 PM, False, Not Annotated, False
D8CF2232, SWAT_SUTD:RSLinx Enterprise:P2.HMI_FIT201.Pv, 2.442956, 30/6/2015 6:03:18 PM, False, Not Annotated, False
D8CF2232, SWAT_SUTD:RSLinx Enterprise:P2.HMI_FIT201.Pv, 2.442956, 30/6/2015 6:03:19 PM, False, Not Annotated, False
D8CF2232, SWAT_SUTD:RSLinx Enterprise:P2.HMI_FIT201.Pv, 2.440521, 30/6/2015 6:03:20 PM, False, Not Annotated, False
D8CF2232, SWAT_SUTD:RSLinx Enterprise:P2.HMI_FIT201.Pv, 2.440521, 30/6/2015 6:03:21 PM, False, Not Annotated, False
D8CF2232, SWAT_SUTD:RSLinx Enterprise:P2.HMI_FIT201.Pv, 2.439881, 30/6/2015 6:03:22 PM, False, Not Annotated, False
D8CF2232, SWAT_SUTD:RSLinx Enterprise:P2.HMI_FIT201.Pv, 2.440521, 30/6/2015 6:03:23 PM, False, Not Annotated, False
D8CF2232, SWAT_SUTD:RSLinx Enterprise:P2.HMI_FIT201.Pv, 2.441419, 30/6/2015 6:03:24 PM, False, Not Annotated, False
D8CF2232, SWAT_SUTD:RSLinx Enterprise:P2.HMI_FIT201.Pv, 2.441419, 30/6/2015 6:03:25 PM, False, Not Annotated, False
D8CF2232, SWAT_SUTD:RSLinx Enterprise:P2.HMI_FIT201.Pv, 2.436036, 30/6/2015 6:03:26 PM, False, Not Annotated, False
D8CF2232, SWAT_SUTD:RSLinx Enterprise:P2.HMI_FIT201.Pv, 2.434114, 30/6/2015 6:03:27 PM, False, Not Annotated, False
D8CF2232, SWAT_SUTD:RSLinx Enterprise:P2.HMI_FIT201.Pv, 2.434114, 30/6/2015 6:03:28 PM, False, Not Annotated, False
D8CF2232, SWAT_SUTD:RSLinx Enterprise:P2.HMI_FIT201.Pv, 2.437062, 30/6/2015 6:03:29 PM, False, Not Annotated, False
D8CF2232, SWAT_SUTD:RSLinx Enterprise:P2.HMI_FIT201.Pv, 2.43373, 30/6/2015 6:03:30 PM, False, Not Annotated, False
D8CF2232, SWAT_SUTD:RSLinx Enterprise:P2.HMI_FIT201.Pv, 2.432192, 30/6/2015 6:03:31 PM, False, Not Annotated, False
D8CF2232, SWAT_SUTD:RSLinx Enterprise:P2.HMI_FIT201.Pv, 2.431295, 30/6/2015 6:03:32 PM, False, Not Annotated, False
D8CF2232, SWAT_SUTD:RSLinx Enterprise:P2.HMI_FIT201.Pv, 2.431295, 30/6/2015 6:03:33 PM, False, Not Annotated, False
D8CF2232, SWAT_SUTD:RSLinx Enterprise:P2.HMI_FIT201.Pv, 2.431295, 30/6/2015 6:03:34 PM, False, Not Annotated, False
D8CF2232, SWAT_SUTD:RSLinx Enterprise:P2.HMI_FIT201.Pv, 2.430141, 30/6/2015 6:03:35 PM, False, Not Annotated, False
D8CF2232, SWAT_SUTD:RSLinx Enterprise:P2.HMI_FIT201.Pv, 2.426938, 30/6/2015 6:03:36 PM, False, Not Annotated, False
D8CF2232, SWAT_SUTD:RSLinx Enterprise:P2.HMI_FIT201.Pv, 2.426938, 30/6/2015 6:03:37 PM, False, Not Annotated, False
D8CF2232, SWAT_SUTD:RSLinx Enterprise:P2.HMI_FIT201.Pv, 2.426809, 30/6/2015 6:03:38 PM, False, Not Annotated, False
D8CF2232, SWAT_SUTD:RSLinx Enterprise:P2.HMI_FIT201.Pv, 2.432448, 30/6/2015 6:03:39 PM, False, Not Annotated, False
D8CF2232, SWAT_SUTD:RSLinx Enterprise:P2.HMI_FIT201.Pv, 2.433986, 30/6/2015 6:03:40 PM, False, Not Annotated, False
D8CF2232, SWAT_SUTD:RSLinx Enterprise:P2.HMI_FIT201.Pv, 2.433986, 30/6/2015 6:03:41 PM, False, Not Annotated, False
D8CF2232, SWAT_SUTD:RSLinx Enterprise:P2.HMI_FIT201.Pv, 2.434755, 30/6/2015 6:03:42 PM, False, Not Annotated, False
D8CF2232, SWAT_SUTD:RSLinx Enterprise:P2.HMI_FIT201.Pv, 2.435139, 30/6/2015 6:03:43 PM, False, Not Annotated, False
D8CF2232, SWAT_SUTD:RSLinx Enterprise:P2.HMI_FIT201.Pv, 2.435139, 30/6/2015 6:03:44 PM, False, Not Annotated, False
D8CF2232, SWAT_SUTD:RSLinx Enterprise:P2.HMI_FIT201.Pv, 2.435139, 30/6/2015 6:03:45 PM, False, Not Annotated, False
D8CF2232, SWAT_SUTD:RSLinx Enterprise:P2.HMI_FIT201.Pv, 2.435139, 30/6/2015 6:03:46 PM, False, Not Annotated, False
D8CF2232, SWAT_SUTD:RSLinx Enterprise:P2.HMI_FIT201.Pv, 2.433473, 30/6/2015 6:03:47 PM, False, Not Annotated, False
D8CF2232, SWAT_SUTD:RSLinx Enterprise:P2.HMI_FIT201.Pv, 2.433089, 30/6/2015 6:03:48 PM, False, Not Annotated, False
D8CF2232, SWAT_SUTD:RSLinx Enterprise:P2.HMI_FIT201.Pv, 2.433089, 30/6/2015 6:03:49 PM, False, Not Annotated, False
D8CF2232, SWAT_SUTD:RSLinx Enterprise:P2.HMI_FIT201.Pv, 2.433089, 30/6/2015 6:03:50 PM, False, Not Annotated, False
D8CF2232, SWAT_SUTD:RSLinx Enterprise:P2.HMI_FIT201.Pv, 2.431935, 30/6/2015 6:03:51 PM, False, Not Annotated, False
D8CF2232, SWAT_SUTD:RSLinx Enterprise:P2.HMI_FIT201.Pv, 2.431935, 30/6/2015 6:03:52 PM, False, Not Annotated, False
D8CF2232, SWAT_SUTD:RSLinx Enterprise:P2.HMI_FIT201.Pv, 2.431935, 30/6/2015 6:03:53 PM, False, Not Annotated, False
D8CF2232, SWAT_SUTD:RSLinx Enterprise:P2.HMI_FIT201.Pv, 2.431935, 30/6/2015 6:03:54 PM, False, Not Annotated, False
D8CF2232, SWAT_SUTD:RSLinx Enterprise:P2.HMI_FIT201.Pv, 2.431935, 30/6/2015 6:03:55 PM, False, Not Annotated, False
D8CF2232, SWAT_SUTD:RSLinx Enterprise:P2.HMI_FIT201.Pv, 2.430398, 30/6/2015 6:03:56 PM, False, Not Annotated, False
D8CF2232, SWAT_SUTD:RSLinx Enterprise:P2.HMI_FIT201.Pv, 2.429629, 30/6/2015 6:03:57 PM, False, Not Annotated, False
D8CF2232, SWAT_SUTD:RSLinx Enterprise:P2.HMI_FIT201.Pv, 2.429629, 30/6/2015 6:03:58 PM, False, Not Annotated, False
D8CF2232, SWAT_SUTD:RSLinx Enterprise:P2.HMI_FIT201.Pv, 2.429629, 30/6/2015 6:03:59 PM, False, Not Annotated, False
D8CF2232, SWAT_SUTD:RSLinx Enterprise:P2.HMI_FIT201.Pv, 2.429629, 30/6/2015 6:04:00 PM, False, Not Annotated, False
D8CF2232, SWAT_SUTD:RSLinx Enterprise:P2.HMI_FIT201.Pv, 2.429629, 30/6/2015 6:04:01 PM, False, Not Annotated, False
D8CF2232, SWAT_SUTD:RSLinx Enterprise:P2.HMI_FIT201.Pv, 2.432448, 30/6/2015 6:04:02 PM, False, Not Annotated, False
D8CF2232, SWAT_SUTD:RSLinx Enterprise:P2.HMI_FIT201.Pv, 2.432448, 30/6/2015 6:04:03 PM, False, Not Annotated, False
D8CF2232, SWAT_SUTD:RSLinx Enterprise:P2.HMI_FIT201.Pv, 2.434114, 30/6/2015 6:04:04 PM, False, Not Annotated, False
D8CF2232, SWAT_SUTD:RSLinx Enterprise:P2.HMI_FIT201.Pv, 2.434114, 30/6/2015 6:04:05 PM, False, Not Annotated, False
D8CF2232, SWAT_SUTD:RSLinx Enterprise:P2.HMI_FIT201.Pv, 2.434114, 30/6/2015 6:04:06 PM, False, Not Annotated, False
D8CF2232, SWAT_SUTD:RSLinx Enterprise:P2.HMI_FIT201.Pv, 2.434114, 30/6/2015 6:04:07 PM, False, Not Annotated, False
D8CF2232, SWAT_SUTD:RSLinx Enterprise:P2.HMI_FIT201.Pv, 2.434114, 30/6/2015 6:04:08 PM, False, Not Annotated, False
D8CF2232, SWAT_SUTD:RSLinx Enterprise:P2.HMI_FIT201.Pv, 2.434114, 30/6/2015 6:04:09 PM, False, Not Annotated, False
D8CF2232, SWAT_SUTD:RSLinx Enterprise:P2.HMI_FIT201.Pv, 2.430398, 30/6/2015 6:04:10 PM, False, Not Annotated, False
D8CF2232, SWAT_SUTD:RSLinx Enterprise:P2.HMI_FIT201.Pv, 2.430398, 30/6/2015 6:04:11 PM, False, Not Annotated, False
D8CF2232, SWAT_SUTD:RSLinx Enterprise:P2.HMI_FIT201.Pv, 2.430398, 30/6/2015 6:04:12 PM, False, Not Annotated, False
D8CF2232, SWAT_SUTD:RSLinx Enterprise:P2.HMI_FIT201.Pv, 2.430398, 30/6/2015 6:04:13 PM, False, Not Annotated, False
D8CF2232, SWAT_SUTD:RSLinx Enterprise:P2.HMI_FIT201.Pv, 2.433217, 30/6/2015 6:04:14 PM, False, Not Annotated, False
D8CF2232, SWAT_SUTD:RSLinx Enterprise:P2.HMI_FIT201.Pv, 2.433217, 30/6/2015 6:04:15 PM, False, Not Annotated, False
D8CF2232, SWAT_SUTD:RSLinx Enterprise:P2.HMI_FIT201.Pv, 2.433858, 30/6/2015 6:04:16 PM, False, Not Annotated, False
D8CF2232, SWAT_SUTD:RSLinx Enterprise:P2.HMI_FIT201.Pv, 2.435267, 30/6/2015 6:04:17 PM, False, Not Annotated, False
D8CF2232, SWAT_SUTD:RSLinx Enterprise:P2.HMI_FIT201.Pv, 2.437062, 30/6/2015 6:04:18 PM, False, Not Annotated, False
D8CF2232, SWAT_SUTD:RSLinx Enterprise:P2.HMI_FIT201.Pv, 2.437062, 30/6/2015 6:04:19 PM, False, Not Annotated, False
D8CF2232, SWAT_SUTD:RSLinx Enterprise:P2.HMI_FIT201.Pv, 2.437062, 30/6/2015 6:04:20 PM, False, Not Annotated, False
D8CF2232, SWAT_SUTD:RSLinx Enterprise:P2.HMI_FIT201.Pv, 2.435267, 30/6/2015 6:04:21 PM, False, Not Annotated, False
D8CF2232, SWAT_SUTD:RSLinx Enterprise:P2.HMI_FIT201.Pv, 2.435267, 30/6/2015 6:04:22 PM, False, Not Annotated, False
D8CF2232, SWAT_SUTD:RSLinx Enterprise:P2.HMI_FIT201.Pv, 2.435267, 30/6/2015 6:04:23 PM, False, Not Annotated, False
D8CF2232, SWAT_SUTD:RSLinx Enterprise:P2.HMI_FIT201.Pv, 2.435267, 30/6/2015 6:04:24 PM, False, Not Annotated, False
D8CF2232, SWAT_SUTD:RSLinx Enterprise:P2.HMI_FIT201.Pv, 2.435267, 30/6/2015 6:04:25 PM, False, Not Annotated, False
D8CF2232, SWAT_SUTD:RSLinx Enterprise:P2.HMI_FIT201.Pv, 2.438215, 30/6/2015 6:04:26 PM, False, Not Annotated, False
D8CF2232, SWAT_SUTD:RSLinx Enterprise:P2.HMI_FIT201.Pv, 2.438856, 30/6/2015 6:04:27 PM, False, Not Annotated, False
D8CF2232, SWAT_SUTD:RSLinx Enterprise:P2.HMI_FIT201.Pv, 2.439625, 30/6/2015 6:04:28 PM, False, Not Annotated, False
D8CF2232, SWAT_SUTD:RSLinx Enterprise:P2.HMI_FIT201.Pv, 2.439625, 30/6/2015 6:04:29 PM, False, Not Annotated, False
D8CF2232, SWAT_SUTD:RSLinx Enterprise:P2.HMI_FIT201.Pv, 2.439625, 30/6/2015 6:04:30 PM, False, Not Annotated, False
D8CF2232, SWAT_SUTD:RSLinx Enterprise:P2.HMI_FIT201.Pv, 2.441034, 30/6/2015 6:04:31 PM, False, Not Annotated, False
D8CF2232, SWAT_SUTD:RSLinx Enterprise:P2.HMI_FIT201.Pv, 2.441034, 30/6/2015 6:04:32 PM, False, Not Annotated, False
D8CF2232, SWAT_SUTD:RSLinx Enterprise:P2.HMI_FIT201.Pv, 2.435139, 30/6/2015 6:04:33 PM, False, Not Annotated, False
D8CF2232, SWAT_SUTD:RSLinx Enterprise:P2.HMI_FIT201.Pv, 2.435011, 30/6/2015 6:04:34 PM, False, Not Annotated, False
D8CF2232, SWAT_SUTD:RSLinx Enterprise:P2.HMI_FIT201.Pv, 2.435011, 30/6/2015 6:04:35 PM, False, Not Annotated, False
D8CF2232, SWAT_SUTD:RSLinx Enterprise:P2.HMI_FIT201.Pv, 2.435011, 30/6/2015 6:04:36 PM, False, Not Annotated, False
D8CF2232, SWAT_SUTD:RSLinx Enterprise:P2.HMI_FIT201.Pv, 2.435011, 30/6/2015 6:04:37 PM, False, Not Annotated, False
D8CF2232, SWAT_SUTD:RSLinx Enterprise:P2.HMI_FIT201.Pv, 2.435011, 30/6/2015 6:04:38 PM, False, Not Annotated, False
D8CF2232, SWAT_SUTD:RSLinx Enterprise:P2.HMI_FIT201.Pv, 2.433217, 30/6/2015 6:04:39 PM, False, Not Annotated, False
D8CF2232, SWAT_SUTD:RSLinx Enterprise:P2.HMI_FIT201.Pv, 2.432192, 30/6/2015 6:04:40 PM, False, Not Annotated, False
D8CF2232, SWAT_SUTD:RSLinx Enterprise:P2.HMI_FIT201.Pv, 2.433217, 30/6/2015 6:04:41 PM, False, Not Annotated, False
D8CF2232, SWAT_SUTD:RSLinx Enterprise:P2.HMI_FIT201.Pv, 2.433986, 30/6/2015 6:04:42 PM, False, Not Annotated, False
D8CF2232, SWAT_SUTD:RSLinx Enterprise:P2.HMI_FIT201.Pv, 2.433986, 30/6/2015 6:04:43 PM, False, Not Annotated, False
D8CF2232, SWAT_SUTD:RSLinx Enterprise:P2.HMI_FIT201.Pv, 2.433986, 30/6/2015 6:04:44 PM, False, Not Annotated, False
D8CF2232, SWAT_SUTD:RSLinx Enterprise:P2.HMI_FIT201.Pv, 2.433986, 30/6/2015 6:04:45 PM, False, Not Annotated, False
D8CF2232, SWAT_SUTD:RSLinx Enterprise:P2.HMI_FIT201.Pv, 2.42886, 30/6/2015 6:04:46 PM, False, Not Annotated, False
D8CF2232, SWAT_SUTD:RSLinx Enterprise:P2.HMI_FIT201.Pv, 2.428347, 30/6/2015 6:04:47 PM, False, Not Annotated, False
D8CF2232, SWAT_SUTD:RSLinx Enterprise:P2.HMI_FIT201.Pv, 2.427578, 30/6/2015 6:04:48 PM, False, Not Annotated, False
D8CF2232, SWAT_SUTD:RSLinx Enterprise:P2.HMI_FIT201.Pv, 2.428988, 30/6/2015 6:04:49 PM, False, Not Annotated, False
D8CF2232, SWAT_SUTD:RSLinx Enterprise:P2.HMI_FIT201.Pv, 2.428988, 30/6/2015 6:04:50 PM, False, Not Annotated, False
D8CF2232, SWAT_SUTD:RSLinx Enterprise:P2.HMI_FIT201.Pv, 2.428988, 30/6/2015 6:04:51 PM, False, Not Annotated, False
D8CF2232, SWAT_SUTD:RSLinx Enterprise:P2.HMI_FIT201.Pv, 2.428988, 30/6/2015 6:04:52 PM, False, Not Annotated, False
D8CF2232, SWAT_SUTD:RSLinx Enterprise:P2.HMI_FIT201.Pv, 2.428988, 30/6/2015 6:04:53 PM, False, Not Annotated, False
D8CF2232, SWAT_SUTD:RSLinx Enterprise:P2.HMI_FIT201.Pv, 2.429501, 30/6/2015 6:04:54 PM, False, Not Annotated, False
D8CF2232, SWAT_SUTD:RSLinx Enterprise:P2.HMI_FIT201.Pv, 2.430269, 30/6/2015 6:04:55 PM, False, Not Annotated, False
D8CF2232, SWAT_SUTD:RSLinx Enterprise:P2.HMI_FIT201.Pv, 2.43091, 30/6/2015 6:04:56 PM, False, Not Annotated, False
D8CF2232, SWAT_SUTD:RSLinx Enterprise:P2.HMI_FIT201.Pv, 2.431551, 30/6/2015 6:04:57 PM, False, Not Annotated, False
D8CF2232, SWAT_SUTD:RSLinx Enterprise:P2.HMI_FIT201.Pv, 2.432192, 30/6/2015 6:04:58 PM, False, Not Annotated, False
D8CF2232, SWAT_SUTD:RSLinx Enterprise:P2.HMI_FIT201.Pv, 2.433473, 30/6/2015 6:04:59 PM, False, Not Annotated, False
D8CF2232, SWAT_SUTD:RSLinx Enterprise:P2.HMI_FIT201.Pv, 2.433986, 30/6/2015 6:05:00 PM, False, Not Annotated, False
D8CF2232, SWAT_SUTD:RSLinx Enterprise:P2.HMI_FIT201.Pv, 2.433986, 30/6/2015 6:05:01 PM, False, Not Annotated, False
D8CF2232, SWAT_SUTD:RSLinx Enterprise:P2.HMI_FIT201.Pv, 2.431935, 30/6/2015 6:05:02 PM, False, Not Annotated, False
D8CF2232, SWAT_SUTD:RSLinx Enterprise:P2.HMI_FIT201.Pv, 2.429757, 30/6/2015 6:05:03 PM, False, Not Annotated, False
D8CF2232, SWAT_SUTD:RSLinx Enterprise:P2.HMI_FIT201.Pv, 2.428347, 30/6/2015 6:05:04 PM, False, Not Annotated, False
D8CF2232, SWAT_SUTD:RSLinx Enterprise:P2.HMI_FIT201.Pv, 2.428347, 30/6/2015 6:05:05 PM, False, Not Annotated, False
D8CF2232, SWAT_SUTD:RSLinx Enterprise:P2.HMI_FIT201.Pv, 2.427066, 30/6/2015 6:05:06 PM, False, Not Annotated, False
D8CF2232, SWAT_SUTD:RSLinx Enterprise:P2.HMI_FIT201.Pv, 2.427066, 30/6/2015 6:05:07 PM, False, Not Annotated, False
D8CF2232, SWAT_SUTD:RSLinx Enterprise:P2.HMI_FIT201.Pv, 2.427066, 30/6/2015 6:05:08 PM, False, Not Annotated, False
D8CF2232, SWAT_SUTD:RSLinx Enterprise:P2.HMI_FIT201.Pv, 2.428988, 30/6/2015 6:05:09 PM, False, Not Annotated, False
D8CF2232, SWAT_SUTD:RSLinx Enterprise:P2.HMI_FIT201.Pv, 2.429501, 30/6/2015 6:05:10 PM, False, Not Annotated, False
D8CF2232, SWAT_SUTD:RSLinx Enterprise:P2.HMI_FIT201.Pv, 2.430269, 30/6/2015 6:05:11 PM, False, Not Annotated, False
D8CF2232, SWAT_SUTD:RSLinx Enterprise:P2.HMI_FIT201.Pv, 2.431295, 30/6/2015 6:05:12 PM, False, Not Annotated, False
D8CF2232, SWAT_SUTD:RSLinx Enterprise:P2.HMI_FIT201.Pv, 2.433986, 30/6/2015 6:05:13 PM, False, Not Annotated, False
D8CF2232, SWAT_SUTD:RSLinx Enterprise:P2.HMI_FIT201.Pv, 2.433986, 30/6/2015 6:05:14 PM, False, Not Annotated, False
D8CF2232, SWAT_SUTD:RSLinx Enterprise:P2.HMI_FIT201.Pv, 2.433858, 30/6/2015 6:05:15 PM, False, Not Annotated, False
D8CF2232, SWAT_SUTD:RSLinx Enterprise:P2.HMI_FIT201.Pv, 2.431551, 30/6/2015 6:05:16 PM, False, Not Annotated, False
D8CF2232, SWAT_SUTD:RSLinx Enterprise:P2.HMI_FIT201.Pv, 2.431551, 30/6/2015 6:05:17 PM, False, Not Annotated, False
D8CF2232, SWAT_SUTD:RSLinx Enterprise:P2.HMI_FIT201.Pv, 2.432064, 30/6/2015 6:05:18 PM, False, Not Annotated, False
D8CF2232, SWAT_SUTD:RSLinx Enterprise:P2.HMI_FIT201.Pv, 2.43437, 30/6/2015 6:05:19 PM, False, Not Annotated, False
D8CF2232, SWAT_SUTD:RSLinx Enterprise:P2.HMI_FIT201.Pv, 2.43437, 30/6/2015 6:05:20 PM, False, Not Annotated, False
D8CF2232, SWAT_SUTD:RSLinx Enterprise:P2.HMI_FIT201.Pv, 2.43437, 30/6/2015 6:05:21 PM, False, Not Annotated, False
D8CF2232, SWAT_SUTD:RSLinx Enterprise:P2.HMI_FIT201.Pv, 2.43437, 30/6/2015 6:05:22 PM, False, Not Annotated, False
D8CF2232, SWAT_SUTD:RSLinx Enterprise:P2.HMI_FIT201.Pv, 2.43437, 30/6/2015 6:05:23 PM, False, Not Annotated, False
D8CF2232, SWAT_SUTD:RSLinx Enterprise:P2.HMI_FIT201.Pv, 2.43437, 30/6/2015 6:05:24 PM, False, Not Annotated, False
D8CF2232, SWAT_SUTD:RSLinx Enterprise:P2.HMI_FIT201.Pv, 2.43437, 30/6/2015 6:05:25 PM, False, Not Annotated, False
D8CF2232, SWAT_SUTD:RSLinx Enterprise:P2.HMI_FIT201.Pv, 2.43437, 30/6/2015 6:05:26 PM, False, Not Annotated, False
D8CF2232, SWAT_SUTD:RSLinx Enterprise:P2.HMI_FIT201.Pv, 2.43437, 30/6/2015 6:05:27 PM, False, Not Annotated, False
D8CF2232, SWAT_SUTD:RSLinx Enterprise:P2.HMI_FIT201.Pv, 2.432576, 30/6/2015 6:05:28 PM, False, Not Annotated, False
D8CF2232, SWAT_SUTD:RSLinx Enterprise:P2.HMI_FIT201.Pv, 2.43091, 30/6/2015 6:05:29 PM, False, Not Annotated, False
D8CF2232, SWAT_SUTD:RSLinx Enterprise:P2.HMI_FIT201.Pv, 2.428475, 30/6/2015 6:05:30 PM, False, Not Annotated, False
D8CF2232, SWAT_SUTD:RSLinx Enterprise:P2.HMI_FIT201.Pv, 2.426938, 30/6/2015 6:05:31 PM, False, Not Annotated, False
D8CF2232, SWAT_SUTD:RSLinx Enterprise:P2.HMI_FIT201.Pv, 2.426938, 30/6/2015 6:05:32 PM, False, Not Annotated, False
D8CF2232, SWAT_SUTD:RSLinx Enterprise:P2.HMI_FIT201.Pv, 2.426938, 30/6/2015 6:05:33 PM, False, Not Annotated, False
D8CF2232, SWAT_SUTD:RSLinx Enterprise:P2.HMI_FIT201.Pv, 2.426938, 30/6/2015 6:05:34 PM, False, Not Annotated, False
D8CF2232, SWAT_SUTD:RSLinx Enterprise:P2.HMI_FIT201.Pv, 2.426938, 30/6/2015 6:05:35 PM, False, Not Annotated, False
D8CF2232, SWAT_SUTD:RSLinx Enterprise:P2.HMI_FIT201.Pv, 2.432064, 30/6/2015 6:05:36 PM, False, Not Annotated, False
D8CF2232, SWAT_SUTD:RSLinx Enterprise:P2.HMI_FIT201.Pv, 2.433858, 30/6/2015 6:05:37 PM, False, Not Annotated, False
D8CF2232, SWAT_SUTD:RSLinx Enterprise:P2.HMI_FIT201.Pv, 2.440521, 30/6/2015 6:05:38 PM, False, Not Annotated, False
D8CF2232, SWAT_SUTD:RSLinx Enterprise:P2.HMI_FIT201.Pv, 2.441419, 30/6/2015 6:05:39 PM, False, Not Annotated, False
D8CF2232, SWAT_SUTD:RSLinx Enterprise:P2.HMI_FIT201.Pv, 2.441419, 30/6/2015 6:05:40 PM, False, Not Annotated, False
D8CF2232, SWAT_SUTD:RSLinx Enterprise:P2.HMI_FIT201.Pv, 2.441419, 30/6/2015 6:05:41 PM, False, Not Annotated, False
D8CF2232, SWAT_SUTD:RSLinx Enterprise:P2.HMI_FIT201.Pv, 2.441419, 30/6/2015 6:05:42 PM, False, Not Annotated, False
D8CF2232, SWAT_SUTD:RSLinx Enterprise:P2.HMI_FIT201.Pv, 2.441419, 30/6/2015 6:05:43 PM, False, Not Annotated, False
D8CF2232, SWAT_SUTD:RSLinx Enterprise:P2.HMI_FIT201.Pv, 2.441419, 30/6/2015 6:05:44 PM, False, Not Annotated, False
D8CF2232, SWAT_SUTD:RSLinx Enterprise:P2.HMI_FIT201.Pv, 2.441419, 30/6/2015 6:05:45 PM, False, Not Annotated, False
D8CF2232, SWAT_SUTD:RSLinx Enterprise:P2.HMI_FIT201.Pv, 2.441419, 30/6/2015 6:05:46 PM, False, Not Annotated, False
D8CF2232, SWAT_SUTD:RSLinx Enterprise:P2.HMI_FIT201.Pv, 2.440521, 30/6/2015 6:05:47 PM, False, Not Annotated, False
D8CF2232, SWAT_SUTD:RSLinx Enterprise:P2.HMI_FIT201.Pv, 2.439112, 30/6/2015 6:05:48 PM, False, Not Annotated, False
D8CF2232, SWAT_SUTD:RSLinx Enterprise:P2.HMI_FIT201.Pv, 2.438343, 30/6/2015 6:05:49 PM, False, Not Annotated, False
D8CF2232, SWAT_SUTD:RSLinx Enterprise:P2.HMI_FIT201.Pv, 2.438343, 30/6/2015 6:05:50 PM, False, Not Annotated, False
D8CF2232, SWAT_SUTD:RSLinx Enterprise:P2.HMI_FIT201.Pv, 2.438343, 30/6/2015 6:05:51 PM, False, Not Annotated, False
D8CF2232, SWAT_SUTD:RSLinx Enterprise:P2.HMI_FIT201.Pv, 2.438343, 30/6/2015 6:05:52 PM, False, Not Annotated, False
D8CF2232, SWAT_SUTD:RSLinx Enterprise:P2.HMI_FIT201.Pv, 2.438343, 30/6/2015 6:05:53 PM, False, Not Annotated, False
D8CF2232, SWAT_SUTD:RSLinx Enterprise:P2.HMI_FIT201.Pv, 2.43578, 30/6/2015 6:05:54 PM, False, Not Annotated, False
D8CF2232, SWAT_SUTD:RSLinx Enterprise:P2.HMI_FIT201.Pv, 2.435011, 30/6/2015 6:05:55 PM, False, Not Annotated, False
D8CF2232, SWAT_SUTD:RSLinx Enterprise:P2.HMI_FIT201.Pv, 2.435011, 30/6/2015 6:05:56 PM, False, Not Annotated, False
D8CF2232, SWAT_SUTD:RSLinx Enterprise:P2.HMI_FIT201.Pv, 2.435011, 30/6/2015 6:05:57 PM, False, Not Annotated, False
D8CF2232, SWAT_SUTD:RSLinx Enterprise:P2.HMI_FIT201.Pv, 2.435011, 30/6/2015 6:05:58 PM, False, Not Annotated, False
D8CF2232, SWAT_SUTD:RSLinx Enterprise:P2.HMI_FIT201.Pv, 2.435011, 30/6/2015 6:05:59 PM, False, Not Annotated, False
D8CF2232, SWAT_SUTD:RSLinx Enterprise:P2.HMI_FIT201.Pv, 2.435011, 30/6/2015 6:06:00 PM, False, Not Annotated, False
D8CF2232, SWAT_SUTD:RSLinx Enterprise:P2.HMI_FIT201.Pv, 2.435011, 30/6/2015 6:06:01 PM, False, Not Annotated, False
D8CF2232, SWAT_SUTD:RSLinx Enterprise:P2.HMI_FIT201.Pv, 2.435011, 30/6/2015 6:06:02 PM, False, Not Annotated, False
D8CF2232, SWAT_SUTD:RSLinx Enterprise:P2.HMI_FIT201.Pv, 2.435011, 30/6/2015 6:06:03 PM, False, Not Annotated, False
D8CF2232, SWAT_SUTD:RSLinx Enterprise:P2.HMI_FIT201.Pv, 2.435011, 30/6/2015 6:06:04 PM, False, Not Annotated, False
D8CF2232, SWAT_SUTD:RSLinx Enterprise:P2.HMI_FIT201.Pv, 2.436421, 30/6/2015 6:06:05 PM, False, Not Annotated, False
D8CF2232, SWAT_SUTD:RSLinx Enterprise:P2.HMI_FIT201.Pv, 2.436933, 30/6/2015 6:06:06 PM, False, Not Annotated, False
D8CF2232, SWAT_SUTD:RSLinx Enterprise:P2.HMI_FIT201.Pv, 2.436933, 30/6/2015 6:06:07 PM, False, Not Annotated, False
D8CF2232, SWAT_SUTD:RSLinx Enterprise:P2.HMI_FIT201.Pv, 2.437702, 30/6/2015 6:06:08 PM, False, Not Annotated, False
D8CF2232, SWAT_SUTD:RSLinx Enterprise:P2.HMI_FIT201.Pv, 2.439496, 30/6/2015 6:06:09 PM, False, Not Annotated, False
D8CF2232, SWAT_SUTD:RSLinx Enterprise:P2.HMI_FIT201.Pv, 2.437062, 30/6/2015 6:06:10 PM, False, Not Annotated, False
D8CF2232, SWAT_SUTD:RSLinx Enterprise:P2.HMI_FIT201.Pv, 2.434114, 30/6/2015 6:06:11 PM, False, Not Annotated, False
D8CF2232, SWAT_SUTD:RSLinx Enterprise:P2.HMI_FIT201.Pv, 2.434114, 30/6/2015 6:06:12 PM, False, Not Annotated, False
D8CF2232, SWAT_SUTD:RSLinx Enterprise:P2.HMI_FIT201.Pv, 2.434114, 30/6/2015 6:06:13 PM, False, Not Annotated, False
D8CF2232, SWAT_SUTD:RSLinx Enterprise:P2.HMI_FIT201.Pv, 2.434114, 30/6/2015 6:06:14 PM, False, Not Annotated, False
D8CF2232, SWAT_SUTD:RSLinx Enterprise:P2.HMI_FIT201.Pv, 2.434114, 30/6/2015 6:06:15 PM, False, Not Annotated, False
D8CF2232, SWAT_SUTD:RSLinx Enterprise:P2.HMI_FIT201.Pv, 2.435652, 30/6/2015 6:06:16 PM, False, Not Annotated, False
D8CF2232, SWAT_SUTD:RSLinx Enterprise:P2.HMI_FIT201.Pv, 2.438343, 30/6/2015 6:06:17 PM, False, Not Annotated, False
D8CF2232, SWAT_SUTD:RSLinx Enterprise:P2.HMI_FIT201.Pv, 2.439753, 30/6/2015 6:06:18 PM, False, Not Annotated, False
D8CF2232, SWAT_SUTD:RSLinx Enterprise:P2.HMI_FIT201.Pv, 2.440521, 30/6/2015 6:06:19 PM, False, Not Annotated, False
D8CF2232, SWAT_SUTD:RSLinx Enterprise:P2.HMI_FIT201.Pv, 2.440521, 30/6/2015 6:06:20 PM, False, Not Annotated, False
D8CF2232, SWAT_SUTD:RSLinx Enterprise:P2.HMI_FIT201.Pv, 2.438856, 30/6/2015 6:06:21 PM, False, Not Annotated, False
D8CF2232, SWAT_SUTD:RSLinx Enterprise:P2.HMI_FIT201.Pv, 2.438856, 30/6/2015 6:06:22 PM, False, Not Annotated, False
D8CF2232, SWAT_SUTD:RSLinx Enterprise:P2.HMI_FIT201.Pv, 2.438856, 30/6/2015 6:06:23 PM, False, Not Annotated, False
D8CF2232, SWAT_SUTD:RSLinx Enterprise:P2.HMI_FIT201.Pv, 2.438599, 30/6/2015 6:06:24 PM, False, Not Annotated, False
D8CF2232, SWAT_SUTD:RSLinx Enterprise:P2.HMI_FIT201.Pv, 2.435139, 30/6/2015 6:06:25 PM, False, Not Annotated, False
D8CF2232, SWAT_SUTD:RSLinx Enterprise:P2.HMI_FIT201.Pv, 2.43437, 30/6/2015 6:06:26 PM, False, Not Annotated, False
D8CF2232, SWAT_SUTD:RSLinx Enterprise:P2.HMI_FIT201.Pv, 2.43437, 30/6/2015 6:06:27 PM, False, Not Annotated, False
D8CF2232, SWAT_SUTD:RSLinx Enterprise:P2.HMI_FIT201.Pv, 2.435908, 30/6/2015 6:06:28 PM, False, Not Annotated, False
D8CF2232, SWAT_SUTD:RSLinx Enterprise:P2.HMI_FIT201.Pv, 2.436036, 30/6/2015 6:06:29 PM, False, Not Annotated, False
D8CF2232, SWAT_SUTD:RSLinx Enterprise:P2.HMI_FIT201.Pv, 2.436293, 30/6/2015 6:06:30 PM, False, Not Annotated, False
D8CF2232, SWAT_SUTD:RSLinx Enterprise:P2.HMI_FIT201.Pv, 2.436293, 30/6/2015 6:06:31 PM, False, Not Annotated, False
D8CF2232, SWAT_SUTD:RSLinx Enterprise:P2.HMI_FIT201.Pv, 2.436293, 30/6/2015 6:06:32 PM, False, Not Annotated, False
D8CF2232, SWAT_SUTD:RSLinx Enterprise:P2.HMI_FIT201.Pv, 2.438215, 30/6/2015 6:06:33 PM, False, Not Annotated, False
D8CF2232, SWAT_SUTD:RSLinx Enterprise:P2.HMI_FIT201.Pv, 2.438343, 30/6/2015 6:06:34 PM, False, Not Annotated, False
D8CF2232, SWAT_SUTD:RSLinx Enterprise:P2.HMI_FIT201.Pv, 2.438343, 30/6/2015 6:06:35 PM, False, Not Annotated, False
D8CF2232, SWAT_SUTD:RSLinx Enterprise:P2.HMI_FIT201.Pv, 2.435011, 30/6/2015 6:06:36 PM, False, Not Annotated, False
D8CF2232, SWAT_SUTD:RSLinx Enterprise:P2.HMI_FIT201.Pv, 2.435011, 30/6/2015 6:06:37 PM, False, Not Annotated, False
D8CF2232, SWAT_SUTD:RSLinx Enterprise:P2.HMI_FIT201.Pv, 2.436036, 30/6/2015 6:06:38 PM, False, Not Annotated, False
D8CF2232, SWAT_SUTD:RSLinx Enterprise:P2.HMI_FIT201.Pv, 2.436036, 30/6/2015 6:06:39 PM, False, Not Annotated, False
D8CF2232, SWAT_SUTD:RSLinx Enterprise:P2.HMI_FIT201.Pv, 2.436036, 30/6/2015 6:06:40 PM, False, Not Annotated, False
D8CF2232, SWAT_SUTD:RSLinx Enterprise:P2.HMI_FIT201.Pv, 2.435011, 30/6/2015 6:06:41 PM, False, Not Annotated, False
D8CF2232, SWAT_SUTD:RSLinx Enterprise:P2.HMI_FIT201.Pv, 2.434627, 30/6/2015 6:06:42 PM, False, Not Annotated, False
D8CF2232, SWAT_SUTD:RSLinx Enterprise:P2.HMI_FIT201.Pv, 2.434627, 30/6/2015 6:06:43 PM, False, Not Annotated, False
D8CF2232, SWAT_SUTD:RSLinx Enterprise:P2.HMI_FIT201.Pv, 2.434627, 30/6/2015 6:06:44 PM, False, Not Annotated, False
D8CF2232, SWAT_SUTD:RSLinx Enterprise:P2.HMI_FIT201.Pv, 2.433217, 30/6/2015 6:06:45 PM, False, Not Annotated, False
D8CF2232, SWAT_SUTD:RSLinx Enterprise:P2.HMI_FIT201.Pv, 2.433217, 30/6/2015 6:06:46 PM, False, Not Annotated, False
D8CF2232, SWAT_SUTD:RSLinx Enterprise:P2.HMI_FIT201.Pv, 2.432704, 30/6/2015 6:06:47 PM, False, Not Annotated, False
D8CF2232, SWAT_SUTD:RSLinx Enterprise:P2.HMI_FIT201.Pv, 2.432448, 30/6/2015 6:06:48 PM, False, Not Annotated, False
D8CF2232, SWAT_SUTD:RSLinx Enterprise:P2.HMI_FIT201.Pv, 2.435011, 30/6/2015 6:06:49 PM, False, Not Annotated, False
D8CF2232, SWAT_SUTD:RSLinx Enterprise:P2.HMI_FIT201.Pv, 2.436549, 30/6/2015 6:06:50 PM, False, Not Annotated, False
D8CF2232, SWAT_SUTD:RSLinx Enterprise:P2.HMI_FIT201.Pv, 2.436549, 30/6/2015 6:06:51 PM, False, Not Annotated, False
D8CF2232, SWAT_SUTD:RSLinx Enterprise:P2.HMI_FIT201.Pv, 2.436549, 30/6/2015 6:06:52 PM, False, Not Annotated, False
D8CF2232, SWAT_SUTD:RSLinx Enterprise:P2.HMI_FIT201.Pv, 2.43578, 30/6/2015 6:06:53 PM, False, Not Annotated, False
D8CF2232, SWAT_SUTD:RSLinx Enterprise:P2.HMI_FIT201.Pv, 2.43578, 30/6/2015 6:06:54 PM, False, Not Annotated, False
D8CF2232, SWAT_SUTD:RSLinx Enterprise:P2.HMI_FIT201.Pv, 2.438471, 30/6/2015 6:06:55 PM, False, Not Annotated, False
D8CF2232, SWAT_SUTD:RSLinx Enterprise:P2.HMI_FIT201.Pv, 2.438471, 30/6/2015 6:06:56 PM, False, Not Annotated, False
D8CF2232, SWAT_SUTD:RSLinx Enterprise:P2.HMI_FIT201.Pv, 2.43719, 30/6/2015 6:06:57 PM, False, Not Annotated, False
D8CF2232, SWAT_SUTD:RSLinx Enterprise:P2.HMI_FIT201.Pv, 2.437062, 30/6/2015 6:06:58 PM, False, Not Annotated, False
D8CF2232, SWAT_SUTD:RSLinx Enterprise:P2.HMI_FIT201.Pv, 2.43437, 30/6/2015 6:06:59 PM, False, Not Annotated, False
D8CF2232, SWAT_SUTD:RSLinx Enterprise:P2.HMI_FIT201.Pv, 2.43437, 30/6/2015 6:07:00 PM, False, Not Annotated, False
D8CF2232, SWAT_SUTD:RSLinx Enterprise:P2.HMI_FIT201.Pv, 2.431551, 30/6/2015 6:07:01 PM, False, Not Annotated, False
D8CF2232, SWAT_SUTD:RSLinx Enterprise:P2.HMI_FIT201.Pv, 2.431038, 30/6/2015 6:07:02 PM, False, Not Annotated, False
D8CF2232, SWAT_SUTD:RSLinx Enterprise:P2.HMI_FIT201.Pv, 2.431935, 30/6/2015 6:07:03 PM, False, Not Annotated, False
D8CF2232, SWAT_SUTD:RSLinx Enterprise:P2.HMI_FIT201.Pv, 2.434114, 30/6/2015 6:07:04 PM, False, Not Annotated, False
D8CF2232, SWAT_SUTD:RSLinx Enterprise:P2.HMI_FIT201.Pv, 2.434499, 30/6/2015 6:07:05 PM, False, Not Annotated, False
D8CF2232, SWAT_SUTD:RSLinx Enterprise:P2.HMI_FIT201.Pv, 2.437318, 30/6/2015 6:07:06 PM, False, Not Annotated, False
D8CF2232, SWAT_SUTD:RSLinx Enterprise:P2.HMI_FIT201.Pv, 2.437958, 30/6/2015 6:07:07 PM, False, Not Annotated, False
D8CF2232, SWAT_SUTD:RSLinx Enterprise:P2.HMI_FIT201.Pv, 2.437958, 30/6/2015 6:07:08 PM, False, Not Annotated, False
D8CF2232, SWAT_SUTD:RSLinx Enterprise:P2.HMI_FIT201.Pv, 2.438215, 30/6/2015 6:07:09 PM, False, Not Annotated, False
D8CF2232, SWAT_SUTD:RSLinx Enterprise:P2.HMI_FIT201.Pv, 2.439625, 30/6/2015 6:07:10 PM, False, Not Annotated, False
D8CF2232, SWAT_SUTD:RSLinx Enterprise:P2.HMI_FIT201.Pv, 2.438215, 30/6/2015 6:07:11 PM, False, Not Annotated, False
D8CF2232, SWAT_SUTD:RSLinx Enterprise:P2.HMI_FIT201.Pv, 2.435652, 30/6/2015 6:07:12 PM, False, Not Annotated, False
D8CF2232, SWAT_SUTD:RSLinx Enterprise:P2.HMI_FIT201.Pv, 2.43437, 30/6/2015 6:07:13 PM, False, Not Annotated, False
D8CF2232, SWAT_SUTD:RSLinx Enterprise:P2.HMI_FIT201.Pv, 2.43437, 30/6/2015 6:07:14 PM, False, Not Annotated, False
D8CF2232, SWAT_SUTD:RSLinx Enterprise:P2.HMI_FIT201.Pv, 2.43437, 30/6/2015 6:07:15 PM, False, Not Annotated, False
D8CF2232, SWAT_SUTD:RSLinx Enterprise:P2.HMI_FIT201.Pv, 2.433345, 30/6/2015 6:07:16 PM, False, Not Annotated, False
D8CF2232, SWAT_SUTD:RSLinx Enterprise:P2.HMI_FIT201.Pv, 2.432192, 30/6/2015 6:07:17 PM, False, Not Annotated, False
D8CF2232, SWAT_SUTD:RSLinx Enterprise:P2.HMI_FIT201.Pv, 2.431295, 30/6/2015 6:07:18 PM, False, Not Annotated, False
D8CF2232, SWAT_SUTD:RSLinx Enterprise:P2.HMI_FIT201.Pv, 2.431295, 30/6/2015 6:07:19 PM, False, Not Annotated, False
D8CF2232, SWAT_SUTD:RSLinx Enterprise:P2.HMI_FIT201.Pv, 2.431295, 30/6/2015 6:07:20 PM, False, Not Annotated, False
D8CF2232, SWAT_SUTD:RSLinx Enterprise:P2.HMI_FIT201.Pv, 2.431295, 30/6/2015 6:07:21 PM, False, Not Annotated, False
D8CF2232, SWAT_SUTD:RSLinx Enterprise:P2.HMI_FIT201.Pv, 2.428475, 30/6/2015 6:07:22 PM, False, Not Annotated, False
D8CF2232, SWAT_SUTD:RSLinx Enterprise:P2.HMI_FIT201.Pv, 2.428347, 30/6/2015 6:07:23 PM, False, Not Annotated, False
D8CF2232, SWAT_SUTD:RSLinx Enterprise:P2.HMI_FIT201.Pv, 2.428347, 30/6/2015 6:07:24 PM, False, Not Annotated, False
D8CF2232, SWAT_SUTD:RSLinx Enterprise:P2.HMI_FIT201.Pv, 2.428347, 30/6/2015 6:07:25 PM, False, Not Annotated, False
D8CF2232, SWAT_SUTD:RSLinx Enterprise:P2.HMI_FIT201.Pv, 2.429629, 30/6/2015 6:07:26 PM, False, Not Annotated, False
D8CF2232, SWAT_SUTD:RSLinx Enterprise:P2.HMI_FIT201.Pv, 2.429757, 30/6/2015 6:07:27 PM, False, Not Annotated, False
D8CF2232, SWAT_SUTD:RSLinx Enterprise:P2.HMI_FIT201.Pv, 2.429757, 30/6/2015 6:07:28 PM, False, Not Annotated, False
D8CF2232, SWAT_SUTD:RSLinx Enterprise:P2.HMI_FIT201.Pv, 2.432704, 30/6/2015 6:07:29 PM, False, Not Annotated, False
D8CF2232, SWAT_SUTD:RSLinx Enterprise:P2.HMI_FIT201.Pv, 2.433217, 30/6/2015 6:07:30 PM, False, Not Annotated, False
D8CF2232, SWAT_SUTD:RSLinx Enterprise:P2.HMI_FIT201.Pv, 2.43437, 30/6/2015 6:07:31 PM, False, Not Annotated, False
D8CF2232, SWAT_SUTD:RSLinx Enterprise:P2.HMI_FIT201.Pv, 2.435652, 30/6/2015 6:07:32 PM, False, Not Annotated, False
D8CF2232, SWAT_SUTD:RSLinx Enterprise:P2.HMI_FIT201.Pv, 2.435652, 30/6/2015 6:07:33 PM, False, Not Annotated, False
D8CF2232, SWAT_SUTD:RSLinx Enterprise:P2.HMI_FIT201.Pv, 2.435652, 30/6/2015 6:07:34 PM, False, Not Annotated, False
D8CF2232, SWAT_SUTD:RSLinx Enterprise:P2.HMI_FIT201.Pv, 2.435652, 30/6/2015 6:07:35 PM, False, Not Annotated, False
D8CF2232, SWAT_SUTD:RSLinx Enterprise:P2.HMI_FIT201.Pv, 2.43578, 30/6/2015 6:07:36 PM, False, Not Annotated, False
D8CF2232, SWAT_SUTD:RSLinx Enterprise:P2.HMI_FIT201.Pv, 2.436036, 30/6/2015 6:07:37 PM, False, Not Annotated, False
D8CF2232, SWAT_SUTD:RSLinx Enterprise:P2.HMI_FIT201.Pv, 2.436549, 30/6/2015 6:07:38 PM, False, Not Annotated, False
D8CF2232, SWAT_SUTD:RSLinx Enterprise:P2.HMI_FIT201.Pv, 2.43373, 30/6/2015 6:07:39 PM, False, Not Annotated, False
D8CF2232, SWAT_SUTD:RSLinx Enterprise:P2.HMI_FIT201.Pv, 2.430269, 30/6/2015 6:07:40 PM, False, Not Annotated, False
D8CF2232, SWAT_SUTD:RSLinx Enterprise:P2.HMI_FIT201.Pv, 2.430269, 30/6/2015 6:07:41 PM, False, Not Annotated, False
D8CF2232, SWAT_SUTD:RSLinx Enterprise:P2.HMI_FIT201.Pv, 2.433858, 30/6/2015 6:07:42 PM, False, Not Annotated, False
D8CF2232, SWAT_SUTD:RSLinx Enterprise:P2.HMI_FIT201.Pv, 2.433858, 30/6/2015 6:07:43 PM, False, Not Annotated, False
D8CF2232, SWAT_SUTD:RSLinx Enterprise:P2.HMI_FIT201.Pv, 2.433858, 30/6/2015 6:07:44 PM, False, Not Annotated, False
D8CF2232, SWAT_SUTD:RSLinx Enterprise:P2.HMI_FIT201.Pv, 2.433858, 30/6/2015 6:07:45 PM, False, Not Annotated, False
D8CF2232, SWAT_SUTD:RSLinx Enterprise:P2.HMI_FIT201.Pv, 2.433858, 30/6/2015 6:07:46 PM, False, Not Annotated, False
D8CF2232, SWAT_SUTD:RSLinx Enterprise:P2.HMI_FIT201.Pv, 2.433858, 30/6/2015 6:07:47 PM, False, Not Annotated, False
D8CF2232, SWAT_SUTD:RSLinx Enterprise:P2.HMI_FIT201.Pv, 2.433858, 30/6/2015 6:07:48 PM, False, Not Annotated, False
D8CF2232, SWAT_SUTD:RSLinx Enterprise:P2.HMI_FIT201.Pv, 2.433858, 30/6/2015 6:07:49 PM, False, Not Annotated, False
D8CF2232, SWAT_SUTD:RSLinx Enterprise:P2.HMI_FIT201.Pv, 2.433858, 30/6/2015 6:07:50 PM, False, Not Annotated, False
D8CF2232, SWAT_SUTD:RSLinx Enterprise:P2.HMI_FIT201.Pv, 2.433858, 30/6/2015 6:07:51 PM, False, Not Annotated, False
D8CF2232, SWAT_SUTD:RSLinx Enterprise:P2.HMI_FIT201.Pv, 2.433858, 30/6/2015 6:07:52 PM, False, Not Annotated, False
D8CF2232, SWAT_SUTD:RSLinx Enterprise:P2.HMI_FIT201.Pv, 2.433858, 30/6/2015 6:07:53 PM, False, Not Annotated, False
D8CF2232, SWAT_SUTD:RSLinx Enterprise:P2.HMI_FIT201.Pv, 2.433858, 30/6/2015 6:07:54 PM, False, Not Annotated, False
D8CF2232, SWAT_SUTD:RSLinx Enterprise:P2.HMI_FIT201.Pv, 2.433858, 30/6/2015 6:07:55 PM, False, Not Annotated, False
D8CF2232, SWAT_SUTD:RSLinx Enterprise:P2.HMI_FIT201.Pv, 2.429757, 30/6/2015 6:07:56 PM, False, Not Annotated, False
D8CF2232, SWAT_SUTD:RSLinx Enterprise:P2.HMI_FIT201.Pv, 2.429629, 30/6/2015 6:07:57 PM, False, Not Annotated, False
D8CF2232, SWAT_SUTD:RSLinx Enterprise:P2.HMI_FIT201.Pv, 2.429629, 30/6/2015 6:07:58 PM, False, Not Annotated, False
D8CF2232, SWAT_SUTD:RSLinx Enterprise:P2.HMI_FIT201.Pv, 2.433089, 30/6/2015 6:07:59 PM, False, Not Annotated, False
D8CF2232, SWAT_SUTD:RSLinx Enterprise:P2.HMI_FIT201.Pv, 2.433089, 30/6/2015 6:08:00 PM, False, Not Annotated, False
D8CF2232, SWAT_SUTD:RSLinx Enterprise:P2.HMI_FIT201.Pv, 2.433089, 30/6/2015 6:08:01 PM, False, Not Annotated, False
D8CF2232, SWAT_SUTD:RSLinx Enterprise:P2.HMI_FIT201.Pv, 2.433089, 30/6/2015 6:08:02 PM, False, Not Annotated, False
D8CF2232, SWAT_SUTD:RSLinx Enterprise:P2.HMI_FIT201.Pv, 2.431807, 30/6/2015 6:08:03 PM, False, Not Annotated, False
D8CF2232, SWAT_SUTD:RSLinx Enterprise:P2.HMI_FIT201.Pv, 2.434755, 30/6/2015 6:08:04 PM, False, Not Annotated, False
D8CF2232, SWAT_SUTD:RSLinx Enterprise:P2.HMI_FIT201.Pv, 2.434755, 30/6/2015 6:08:05 PM, False, Not Annotated, False
D8CF2232, SWAT_SUTD:RSLinx Enterprise:P2.HMI_FIT201.Pv, 2.430654, 30/6/2015 6:08:06 PM, False, Not Annotated, False
D8CF2232, SWAT_SUTD:RSLinx Enterprise:P2.HMI_FIT201.Pv, 2.428475, 30/6/2015 6:08:07 PM, False, Not Annotated, False
D8CF2232, SWAT_SUTD:RSLinx Enterprise:P2.HMI_FIT201.Pv, 2.428091, 30/6/2015 6:08:08 PM, False, Not Annotated, False
D8CF2232, SWAT_SUTD:RSLinx Enterprise:P2.HMI_FIT201.Pv, 2.428091, 30/6/2015 6:08:09 PM, False, Not Annotated, False
D8CF2232, SWAT_SUTD:RSLinx Enterprise:P2.HMI_FIT201.Pv, 2.428091, 30/6/2015 6:08:10 PM, False, Not Annotated, False
D8CF2232, SWAT_SUTD:RSLinx Enterprise:P2.HMI_FIT201.Pv, 2.428091, 30/6/2015 6:08:11 PM, False, Not Annotated, False
D8CF2232, SWAT_SUTD:RSLinx Enterprise:P2.HMI_FIT201.Pv, 2.428091, 30/6/2015 6:08:12 PM, False, Not Annotated, False
D8CF2232, SWAT_SUTD:RSLinx Enterprise:P2.HMI_FIT201.Pv, 2.428091, 30/6/2015 6:08:13 PM, False, Not Annotated, False
D8CF2232, SWAT_SUTD:RSLinx Enterprise:P2.HMI_FIT201.Pv, 2.428732, 30/6/2015 6:08:14 PM, False, Not Annotated, False
D8CF2232, SWAT_SUTD:RSLinx Enterprise:P2.HMI_FIT201.Pv, 2.431423, 30/6/2015 6:08:15 PM, False, Not Annotated, False
D8CF2232, SWAT_SUTD:RSLinx Enterprise:P2.HMI_FIT201.Pv, 2.432832, 30/6/2015 6:08:16 PM, False, Not Annotated, False
D8CF2232, SWAT_SUTD:RSLinx Enterprise:P2.HMI_FIT201.Pv, 2.432832, 30/6/2015 6:08:17 PM, False, Not Annotated, False
D8CF2232, SWAT_SUTD:RSLinx Enterprise:P2.HMI_FIT201.Pv, 2.432832, 30/6/2015 6:08:18 PM, False, Not Annotated, False
D8CF2232, SWAT_SUTD:RSLinx Enterprise:P2.HMI_FIT201.Pv, 2.430013, 30/6/2015 6:08:19 PM, False, Not Annotated, False
D8CF2232, SWAT_SUTD:RSLinx Enterprise:P2.HMI_FIT201.Pv, 2.429757, 30/6/2015 6:08:20 PM, False, Not Annotated, False
D8CF2232, SWAT_SUTD:RSLinx Enterprise:P2.HMI_FIT201.Pv, 2.432704, 30/6/2015 6:08:21 PM, False, Not Annotated, False
D8CF2232, SWAT_SUTD:RSLinx Enterprise:P2.HMI_FIT201.Pv, 2.432704, 30/6/2015 6:08:22 PM, False, Not Annotated, False
D8CF2232, SWAT_SUTD:RSLinx Enterprise:P2.HMI_FIT201.Pv, 2.432704, 30/6/2015 6:08:23 PM, False, Not Annotated, False
D8CF2232, SWAT_SUTD:RSLinx Enterprise:P2.HMI_FIT201.Pv, 2.432704, 30/6/2015 6:08:24 PM, False, Not Annotated, False
D8CF2232, SWAT_SUTD:RSLinx Enterprise:P2.HMI_FIT201.Pv, 2.43373, 30/6/2015 6:08:25 PM, False, Not Annotated, False
D8CF2232, SWAT_SUTD:RSLinx Enterprise:P2.HMI_FIT201.Pv, 2.437958, 30/6/2015 6:08:26 PM, False, Not Annotated, False
D8CF2232, SWAT_SUTD:RSLinx Enterprise:P2.HMI_FIT201.Pv, 2.440778, 30/6/2015 6:08:27 PM, False, Not Annotated, False
D8CF2232, SWAT_SUTD:RSLinx Enterprise:P2.HMI_FIT201.Pv, 2.440778, 30/6/2015 6:08:28 PM, False, Not Annotated, False
D8CF2232, SWAT_SUTD:RSLinx Enterprise:P2.HMI_FIT201.Pv, 2.438856, 30/6/2015 6:08:29 PM, False, Not Annotated, False
D8CF2232, SWAT_SUTD:RSLinx Enterprise:P2.HMI_FIT201.Pv, 2.438343, 30/6/2015 6:08:30 PM, False, Not Annotated, False
D8CF2232, SWAT_SUTD:RSLinx Enterprise:P2.HMI_FIT201.Pv, 2.436036, 30/6/2015 6:08:31 PM, False, Not Annotated, False
D8CF2232, SWAT_SUTD:RSLinx Enterprise:P2.HMI_FIT201.Pv, 2.434499, 30/6/2015 6:08:32 PM, False, Not Annotated, False
D8CF2232, SWAT_SUTD:RSLinx Enterprise:P2.HMI_FIT201.Pv, 2.433217, 30/6/2015 6:08:33 PM, False, Not Annotated, False
D8CF2232, SWAT_SUTD:RSLinx Enterprise:P2.HMI_FIT201.Pv, 2.431935, 30/6/2015 6:08:34 PM, False, Not Annotated, False
D8CF2232, SWAT_SUTD:RSLinx Enterprise:P2.HMI_FIT201.Pv, 2.430141, 30/6/2015 6:08:35 PM, False, Not Annotated, False
D8CF2232, SWAT_SUTD:RSLinx Enterprise:P2.HMI_FIT201.Pv, 2.430141, 30/6/2015 6:08:36 PM, False, Not Annotated, False
D8CF2232, SWAT_SUTD:RSLinx Enterprise:P2.HMI_FIT201.Pv, 2.430141, 30/6/2015 6:08:37 PM, False, Not Annotated, False
D8CF2232, SWAT_SUTD:RSLinx Enterprise:P2.HMI_FIT201.Pv, 2.430269, 30/6/2015 6:08:38 PM, False, Not Annotated, False
D8CF2232, SWAT_SUTD:RSLinx Enterprise:P2.HMI_FIT201.Pv, 2.430269, 30/6/2015 6:08:39 PM, False, Not Annotated, False
D8CF2232, SWAT_SUTD:RSLinx Enterprise:P2.HMI_FIT201.Pv, 2.430269, 30/6/2015 6:08:40 PM, False, Not Annotated, False
D8CF2232, SWAT_SUTD:RSLinx Enterprise:P2.HMI_FIT201.Pv, 2.432064, 30/6/2015 6:08:41 PM, False, Not Annotated, False
D8CF2232, SWAT_SUTD:RSLinx Enterprise:P2.HMI_FIT201.Pv, 2.433473, 30/6/2015 6:08:42 PM, False, Not Annotated, False
D8CF2232, SWAT_SUTD:RSLinx Enterprise:P2.HMI_FIT201.Pv, 2.434627, 30/6/2015 6:08:43 PM, False, Not Annotated, False
D8CF2232, SWAT_SUTD:RSLinx Enterprise:P2.HMI_FIT201.Pv, 2.434627, 30/6/2015 6:08:44 PM, False, Not Annotated, False
D8CF2232, SWAT_SUTD:RSLinx Enterprise:P2.HMI_FIT201.Pv, 2.434627, 30/6/2015 6:08:45 PM, False, Not Annotated, False
D8CF2232, SWAT_SUTD:RSLinx Enterprise:P2.HMI_FIT201.Pv, 2.434627, 30/6/2015 6:08:46 PM, False, Not Annotated, False
D8CF2232, SWAT_SUTD:RSLinx Enterprise:P2.HMI_FIT201.Pv, 2.436549, 30/6/2015 6:08:47 PM, False, Not Annotated, False
D8CF2232, SWAT_SUTD:RSLinx Enterprise:P2.HMI_FIT201.Pv, 2.438984, 30/6/2015 6:08:48 PM, False, Not Annotated, False
D8CF2232, SWAT_SUTD:RSLinx Enterprise:P2.HMI_FIT201.Pv, 2.438984, 30/6/2015 6:08:49 PM, False, Not Annotated, False
D8CF2232, SWAT_SUTD:RSLinx Enterprise:P2.HMI_FIT201.Pv, 2.436293, 30/6/2015 6:08:50 PM, False, Not Annotated, False
D8CF2232, SWAT_SUTD:RSLinx Enterprise:P2.HMI_FIT201.Pv, 2.435139, 30/6/2015 6:08:51 PM, False, Not Annotated, False
D8CF2232, SWAT_SUTD:RSLinx Enterprise:P2.HMI_FIT201.Pv, 2.436036, 30/6/2015 6:08:52 PM, False, Not Annotated, False
D8CF2232, SWAT_SUTD:RSLinx Enterprise:P2.HMI_FIT201.Pv, 2.436036, 30/6/2015 6:08:53 PM, False, Not Annotated, False
D8CF2232, SWAT_SUTD:RSLinx Enterprise:P2.HMI_FIT201.Pv, 2.436036, 30/6/2015 6:08:54 PM, False, Not Annotated, False
D8CF2232, SWAT_SUTD:RSLinx Enterprise:P2.HMI_FIT201.Pv, 2.436036, 30/6/2015 6:08:55 PM, False, Not Annotated, False
D8CF2232, SWAT_SUTD:RSLinx Enterprise:P2.HMI_FIT201.Pv, 2.438471, 30/6/2015 6:08:56 PM, False, Not Annotated, False
D8CF2232, SWAT_SUTD:RSLinx Enterprise:P2.HMI_FIT201.Pv, 2.438471, 30/6/2015 6:08:57 PM, False, Not Annotated, False
D8CF2232, SWAT_SUTD:RSLinx Enterprise:P2.HMI_FIT201.Pv, 2.436036, 30/6/2015 6:08:58 PM, False, Not Annotated, False
D8CF2232, SWAT_SUTD:RSLinx Enterprise:P2.HMI_FIT201.Pv, 2.436036, 30/6/2015 6:08:59 PM, False, Not Annotated, False
D8CF2232, SWAT_SUTD:RSLinx Enterprise:P2.HMI_FIT201.Pv, 2.436036, 30/6/2015 6:09:00 PM, False, Not Annotated, False
D8CF2232, SWAT_SUTD:RSLinx Enterprise:P2.HMI_FIT201.Pv, 2.432832, 30/6/2015 6:09:01 PM, False, Not Annotated, False
D8CF2232, SWAT_SUTD:RSLinx Enterprise:P2.HMI_FIT201.Pv, 2.432832, 30/6/2015 6:09:02 PM, False, Not Annotated, False
D8CF2232, SWAT_SUTD:RSLinx Enterprise:P2.HMI_FIT201.Pv, 2.432832, 30/6/2015 6:09:03 PM, False, Not Annotated, False
D8CF2232, SWAT_SUTD:RSLinx Enterprise:P2.HMI_FIT201.Pv, 2.432832, 30/6/2015 6:09:04 PM, False, Not Annotated, False
D8CF2232, SWAT_SUTD:RSLinx Enterprise:P2.HMI_FIT201.Pv, 2.434114, 30/6/2015 6:09:05 PM, False, Not Annotated, False
D8CF2232, SWAT_SUTD:RSLinx Enterprise:P2.HMI_FIT201.Pv, 2.434114, 30/6/2015 6:09:06 PM, False, Not Annotated, False
D8CF2232, SWAT_SUTD:RSLinx Enterprise:P2.HMI_FIT201.Pv, 2.434114, 30/6/2015 6:09:07 PM, False, Not Annotated, False
D8CF2232, SWAT_SUTD:RSLinx Enterprise:P2.HMI_FIT201.Pv, 2.434114, 30/6/2015 6:09:08 PM, False, Not Annotated, False
D8CF2232, SWAT_SUTD:RSLinx Enterprise:P2.HMI_FIT201.Pv, 2.434114, 30/6/2015 6:09:09 PM, False, Not Annotated, False
D8CF2232, SWAT_SUTD:RSLinx Enterprise:P2.HMI_FIT201.Pv, 2.432192, 30/6/2015 6:09:10 PM, False, Not Annotated, False
D8CF2232, SWAT_SUTD:RSLinx Enterprise:P2.HMI_FIT201.Pv, 2.429629, 30/6/2015 6:09:11 PM, False, Not Annotated, False
D8CF2232, SWAT_SUTD:RSLinx Enterprise:P2.HMI_FIT201.Pv, 2.428475, 30/6/2015 6:09:12 PM, False, Not Annotated, False
D8CF2232, SWAT_SUTD:RSLinx Enterprise:P2.HMI_FIT201.Pv, 2.428475, 30/6/2015 6:09:13 PM, False, Not Annotated, False
D8CF2232, SWAT_SUTD:RSLinx Enterprise:P2.HMI_FIT201.Pv, 2.428475, 30/6/2015 6:09:14 PM, False, Not Annotated, False
D8CF2232, SWAT_SUTD:RSLinx Enterprise:P2.HMI_FIT201.Pv, 2.427835, 30/6/2015 6:09:15 PM, False, Not Annotated, False
D8CF2232, SWAT_SUTD:RSLinx Enterprise:P2.HMI_FIT201.Pv, 2.427835, 30/6/2015 6:09:16 PM, False, Not Annotated, False
D8CF2232, SWAT_SUTD:RSLinx Enterprise:P2.HMI_FIT201.Pv, 2.432576, 30/6/2015 6:09:17 PM, False, Not Annotated, False
D8CF2232, SWAT_SUTD:RSLinx Enterprise:P2.HMI_FIT201.Pv, 2.435011, 30/6/2015 6:09:18 PM, False, Not Annotated, False
D8CF2232, SWAT_SUTD:RSLinx Enterprise:P2.HMI_FIT201.Pv, 2.435908, 30/6/2015 6:09:19 PM, False, Not Annotated, False
D8CF2232, SWAT_SUTD:RSLinx Enterprise:P2.HMI_FIT201.Pv, 2.436549, 30/6/2015 6:09:20 PM, False, Not Annotated, False
D8CF2232, SWAT_SUTD:RSLinx Enterprise:P2.HMI_FIT201.Pv, 2.438343, 30/6/2015 6:09:21 PM, False, Not Annotated, False
D8CF2232, SWAT_SUTD:RSLinx Enterprise:P2.HMI_FIT201.Pv, 2.438343, 30/6/2015 6:09:22 PM, False, Not Annotated, False
D8CF2232, SWAT_SUTD:RSLinx Enterprise:P2.HMI_FIT201.Pv, 2.438343, 30/6/2015 6:09:23 PM, False, Not Annotated, False
D8CF2232, SWAT_SUTD:RSLinx Enterprise:P2.HMI_FIT201.Pv, 2.438343, 30/6/2015 6:09:24 PM, False, Not Annotated, False
D8CF2232, SWAT_SUTD:RSLinx Enterprise:P2.HMI_FIT201.Pv, 2.439112, 30/6/2015 6:09:25 PM, False, Not Annotated, False
D8CF2232, SWAT_SUTD:RSLinx Enterprise:P2.HMI_FIT201.Pv, 2.439625, 30/6/2015 6:09:26 PM, False, Not Annotated, False
D8CF2232, SWAT_SUTD:RSLinx Enterprise:P2.HMI_FIT201.Pv, 2.440393, 30/6/2015 6:09:27 PM, False, Not Annotated, False
D8CF2232, SWAT_SUTD:RSLinx Enterprise:P2.HMI_FIT201.Pv, 2.440393, 30/6/2015 6:09:28 PM, False, Not Annotated, False
D8CF2232, SWAT_SUTD:RSLinx Enterprise:P2.HMI_FIT201.Pv, 2.440393, 30/6/2015 6:09:29 PM, False, Not Annotated, False
D8CF2232, SWAT_SUTD:RSLinx Enterprise:P2.HMI_FIT201.Pv, 2.43719, 30/6/2015 6:09:30 PM, False, Not Annotated, False
D8CF2232, SWAT_SUTD:RSLinx Enterprise:P2.HMI_FIT201.Pv, 2.43719, 30/6/2015 6:09:31 PM, False, Not Annotated, False
D8CF2232, SWAT_SUTD:RSLinx Enterprise:P2.HMI_FIT201.Pv, 2.435908, 30/6/2015 6:09:32 PM, False, Not Annotated, False
D8CF2232, SWAT_SUTD:RSLinx Enterprise:P2.HMI_FIT201.Pv, 2.435908, 30/6/2015 6:09:33 PM, False, Not Annotated, False
D8CF2232, SWAT_SUTD:RSLinx Enterprise:P2.HMI_FIT201.Pv, 2.434627, 30/6/2015 6:09:34 PM, False, Not Annotated, False
D8CF2232, SWAT_SUTD:RSLinx Enterprise:P2.HMI_FIT201.Pv, 2.434627, 30/6/2015 6:09:35 PM, False, Not Annotated, False
D8CF2232, SWAT_SUTD:RSLinx Enterprise:P2.HMI_FIT201.Pv, 2.433858, 30/6/2015 6:09:36 PM, False, Not Annotated, False
D8CF2232, SWAT_SUTD:RSLinx Enterprise:P2.HMI_FIT201.Pv, 2.433858, 30/6/2015 6:09:37 PM, False, Not Annotated, False
D8CF2232, SWAT_SUTD:RSLinx Enterprise:P2.HMI_FIT201.Pv, 2.433858, 30/6/2015 6:09:38 PM, False, Not Annotated, False
D8CF2232, SWAT_SUTD:RSLinx Enterprise:P2.HMI_FIT201.Pv, 2.433858, 30/6/2015 6:09:39 PM, False, Not Annotated, False
D8CF2232, SWAT_SUTD:RSLinx Enterprise:P2.HMI_FIT201.Pv, 2.433858, 30/6/2015 6:09:40 PM, False, Not Annotated, False
D8CF2232, SWAT_SUTD:RSLinx Enterprise:P2.HMI_FIT201.Pv, 2.433217, 30/6/2015 6:09:41 PM, False, Not Annotated, False
D8CF2232, SWAT_SUTD:RSLinx Enterprise:P2.HMI_FIT201.Pv, 2.433217, 30/6/2015 6:09:42 PM, False, Not Annotated, False
D8CF2232, SWAT_SUTD:RSLinx Enterprise:P2.HMI_FIT201.Pv, 2.433217, 30/6/2015 6:09:43 PM, False, Not Annotated, False
D8CF2232, SWAT_SUTD:RSLinx Enterprise:P2.HMI_FIT201.Pv, 2.433217, 30/6/2015 6:09:44 PM, False, Not Annotated, False
D8CF2232, SWAT_SUTD:RSLinx Enterprise:P2.HMI_FIT201.Pv, 2.433217, 30/6/2015 6:09:45 PM, False, Not Annotated, False
D8CF2232, SWAT_SUTD:RSLinx Enterprise:P2.HMI_FIT201.Pv, 2.432064, 30/6/2015 6:09:46 PM, False, Not Annotated, False
D8CF2232, SWAT_SUTD:RSLinx Enterprise:P2.HMI_FIT201.Pv, 2.432064, 30/6/2015 6:09:47 PM, False, Not Annotated, False
D8CF2232, SWAT_SUTD:RSLinx Enterprise:P2.HMI_FIT201.Pv, 2.430782, 30/6/2015 6:09:48 PM, False, Not Annotated, False
D8CF2232, SWAT_SUTD:RSLinx Enterprise:P2.HMI_FIT201.Pv, 2.430654, 30/6/2015 6:09:49 PM, False, Not Annotated, False
D8CF2232, SWAT_SUTD:RSLinx Enterprise:P2.HMI_FIT201.Pv, 2.430654, 30/6/2015 6:09:50 PM, False, Not Annotated, False
D8CF2232, SWAT_SUTD:RSLinx Enterprise:P2.HMI_FIT201.Pv, 2.431807, 30/6/2015 6:09:51 PM, False, Not Annotated, False
D8CF2232, SWAT_SUTD:RSLinx Enterprise:P2.HMI_FIT201.Pv, 2.431807, 30/6/2015 6:09:52 PM, False, Not Annotated, False
D8CF2232, SWAT_SUTD:RSLinx Enterprise:P2.HMI_FIT201.Pv, 2.432448, 30/6/2015 6:09:53 PM, False, Not Annotated, False
D8CF2232, SWAT_SUTD:RSLinx Enterprise:P2.HMI_FIT201.Pv, 2.434755, 30/6/2015 6:09:54 PM, False, Not Annotated, False
D8CF2232, SWAT_SUTD:RSLinx Enterprise:P2.HMI_FIT201.Pv, 2.432832, 30/6/2015 6:09:55 PM, False, Not Annotated, False
D8CF2232, SWAT_SUTD:RSLinx Enterprise:P2.HMI_FIT201.Pv, 2.432832, 30/6/2015 6:09:56 PM, False, Not Annotated, False
D8CF2232, SWAT_SUTD:RSLinx Enterprise:P2.HMI_FIT201.Pv, 2.432832, 30/6/2015 6:09:57 PM, False, Not Annotated, False
D8CF2232, SWAT_SUTD:RSLinx Enterprise:P2.HMI_FIT201.Pv, 2.432832, 30/6/2015 6:09:58 PM, False, Not Annotated, False
D8CF2232, SWAT_SUTD:RSLinx Enterprise:P2.HMI_FIT201.Pv, 2.430782, 30/6/2015 6:09:59 PM, False, Not Annotated, False
D8CF2232, SWAT_SUTD:RSLinx Enterprise:P2.HMI_FIT201.Pv, 2.428091, 30/6/2015 6:10:00 PM, False, Not Annotated, False
D8CF2232, SWAT_SUTD:RSLinx Enterprise:P2.HMI_FIT201.Pv, 2.428091, 30/6/2015 6:10:01 PM, False, Not Annotated, False
D8CF2232, SWAT_SUTD:RSLinx Enterprise:P2.HMI_FIT201.Pv, 2.429757, 30/6/2015 6:10:02 PM, False, Not Annotated, False
D8CF2232, SWAT_SUTD:RSLinx Enterprise:P2.HMI_FIT201.Pv, 2.429757, 30/6/2015 6:10:03 PM, False, Not Annotated, False
D8CF2232, SWAT_SUTD:RSLinx Enterprise:P2.HMI_FIT201.Pv, 2.429757, 30/6/2015 6:10:04 PM, False, Not Annotated, False
D8CF2232, SWAT_SUTD:RSLinx Enterprise:P2.HMI_FIT201.Pv, 2.43373, 30/6/2015 6:10:05 PM, False, Not Annotated, False
D8CF2232, SWAT_SUTD:RSLinx Enterprise:P2.HMI_FIT201.Pv, 2.43373, 30/6/2015 6:10:06 PM, False, Not Annotated, False
D8CF2232, SWAT_SUTD:RSLinx Enterprise:P2.HMI_FIT201.Pv, 2.43373, 30/6/2015 6:10:07 PM, False, Not Annotated, False
D8CF2232, SWAT_SUTD:RSLinx Enterprise:P2.HMI_FIT201.Pv, 2.43373, 30/6/2015 6:10:08 PM, False, Not Annotated, False
D8CF2232, SWAT_SUTD:RSLinx Enterprise:P2.HMI_FIT201.Pv, 2.43373, 30/6/2015 6:10:09 PM, False, Not Annotated, False
D8CF2232, SWAT_SUTD:RSLinx Enterprise:P2.HMI_FIT201.Pv, 2.43373, 30/6/2015 6:10:10 PM, False, Not Annotated, False
D8CF2232, SWAT_SUTD:RSLinx Enterprise:P2.HMI_FIT201.Pv, 2.43373, 30/6/2015 6:10:11 PM, False, Not Annotated, False
D8CF2232, SWAT_SUTD:RSLinx Enterprise:P2.HMI_FIT201.Pv, 2.433473, 30/6/2015 6:10:12 PM, False, Not Annotated, False
D8CF2232, SWAT_SUTD:RSLinx Enterprise:P2.HMI_FIT201.Pv, 2.431423, 30/6/2015 6:10:13 PM, False, Not Annotated, False
D8CF2232, SWAT_SUTD:RSLinx Enterprise:P2.HMI_FIT201.Pv, 2.431423, 30/6/2015 6:10:14 PM, False, Not Annotated, False
D8CF2232, SWAT_SUTD:RSLinx Enterprise:P2.HMI_FIT201.Pv, 2.431423, 30/6/2015 6:10:15 PM, False, Not Annotated, False
D8CF2232, SWAT_SUTD:RSLinx Enterprise:P2.HMI_FIT201.Pv, 2.428475, 30/6/2015 6:10:16 PM, False, Not Annotated, False
D8CF2232, SWAT_SUTD:RSLinx Enterprise:P2.HMI_FIT201.Pv, 2.428475, 30/6/2015 6:10:17 PM, False, Not Annotated, False
D8CF2232, SWAT_SUTD:RSLinx Enterprise:P2.HMI_FIT201.Pv, 2.430782, 30/6/2015 6:10:18 PM, False, Not Annotated, False
D8CF2232, SWAT_SUTD:RSLinx Enterprise:P2.HMI_FIT201.Pv, 2.432448, 30/6/2015 6:10:19 PM, False, Not Annotated, False
D8CF2232, SWAT_SUTD:RSLinx Enterprise:P2.HMI_FIT201.Pv, 2.434114, 30/6/2015 6:10:20 PM, False, Not Annotated, False
D8CF2232, SWAT_SUTD:RSLinx Enterprise:P2.HMI_FIT201.Pv, 2.434499, 30/6/2015 6:10:21 PM, False, Not Annotated, False
D8CF2232, SWAT_SUTD:RSLinx Enterprise:P2.HMI_FIT201.Pv, 2.438471, 30/6/2015 6:10:22 PM, False, Not Annotated, False
D8CF2232, SWAT_SUTD:RSLinx Enterprise:P2.HMI_FIT201.Pv, 2.438856, 30/6/2015 6:10:23 PM, False, Not Annotated, False
D8CF2232, SWAT_SUTD:RSLinx Enterprise:P2.HMI_FIT201.Pv, 2.438856, 30/6/2015 6:10:24 PM, False, Not Annotated, False
D8CF2232, SWAT_SUTD:RSLinx Enterprise:P2.HMI_FIT201.Pv, 2.438471, 30/6/2015 6:10:25 PM, False, Not Annotated, False
D8CF2232, SWAT_SUTD:RSLinx Enterprise:P2.HMI_FIT201.Pv, 2.437574, 30/6/2015 6:10:26 PM, False, Not Annotated, False
D8CF2232, SWAT_SUTD:RSLinx Enterprise:P2.HMI_FIT201.Pv, 2.441162, 30/6/2015 6:10:27 PM, False, Not Annotated, False
D8CF2232, SWAT_SUTD:RSLinx Enterprise:P2.HMI_FIT201.Pv, 2.441803, 30/6/2015 6:10:28 PM, False, Not Annotated, False
D8CF2232, SWAT_SUTD:RSLinx Enterprise:P2.HMI_FIT201.Pv, 2.439496, 30/6/2015 6:10:29 PM, False, Not Annotated, False
D8CF2232, SWAT_SUTD:RSLinx Enterprise:P2.HMI_FIT201.Pv, 2.437702, 30/6/2015 6:10:30 PM, False, Not Annotated, False
D8CF2232, SWAT_SUTD:RSLinx Enterprise:P2.HMI_FIT201.Pv, 2.435908, 30/6/2015 6:10:31 PM, False, Not Annotated, False
D8CF2232, SWAT_SUTD:RSLinx Enterprise:P2.HMI_FIT201.Pv, 2.435908, 30/6/2015 6:10:32 PM, False, Not Annotated, False
D8CF2232, SWAT_SUTD:RSLinx Enterprise:P2.HMI_FIT201.Pv, 2.435908, 30/6/2015 6:10:33 PM, False, Not Annotated, False
D8CF2232, SWAT_SUTD:RSLinx Enterprise:P2.HMI_FIT201.Pv, 2.435908, 30/6/2015 6:10:34 PM, False, Not Annotated, False
D8CF2232, SWAT_SUTD:RSLinx Enterprise:P2.HMI_FIT201.Pv, 2.435908, 30/6/2015 6:10:35 PM, False, Not Annotated, False
D8CF2232, SWAT_SUTD:RSLinx Enterprise:P2.HMI_FIT201.Pv, 2.438343, 30/6/2015 6:10:36 PM, False, Not Annotated, False
D8CF2232, SWAT_SUTD:RSLinx Enterprise:P2.HMI_FIT201.Pv, 2.438984, 30/6/2015 6:10:37 PM, False, Not Annotated, False
D8CF2232, SWAT_SUTD:RSLinx Enterprise:P2.HMI_FIT201.Pv, 2.437702, 30/6/2015 6:10:38 PM, False, Not Annotated, False
D8CF2232, SWAT_SUTD:RSLinx Enterprise:P2.HMI_FIT201.Pv, 2.437062, 30/6/2015 6:10:39 PM, False, Not Annotated, False
D8CF2232, SWAT_SUTD:RSLinx Enterprise:P2.HMI_FIT201.Pv, 2.436421, 30/6/2015 6:10:40 PM, False, Not Annotated, False
D8CF2232, SWAT_SUTD:RSLinx Enterprise:P2.HMI_FIT201.Pv, 2.434627, 30/6/2015 6:10:41 PM, False, Not Annotated, False
D8CF2232, SWAT_SUTD:RSLinx Enterprise:P2.HMI_FIT201.Pv, 2.431295, 30/6/2015 6:10:42 PM, False, Not Annotated, False
D8CF2232, SWAT_SUTD:RSLinx Enterprise:P2.HMI_FIT201.Pv, 2.431295, 30/6/2015 6:10:43 PM, False, Not Annotated, False
D8CF2232, SWAT_SUTD:RSLinx Enterprise:P2.HMI_FIT201.Pv, 2.428219, 30/6/2015 6:10:44 PM, False, Not Annotated, False
D8CF2232, SWAT_SUTD:RSLinx Enterprise:P2.HMI_FIT201.Pv, 2.426809, 30/6/2015 6:10:45 PM, False, Not Annotated, False
D8CF2232, SWAT_SUTD:RSLinx Enterprise:P2.HMI_FIT201.Pv, 2.426809, 30/6/2015 6:10:46 PM, False, Not Annotated, False
D8CF2232, SWAT_SUTD:RSLinx Enterprise:P2.HMI_FIT201.Pv, 2.429501, 30/6/2015 6:10:47 PM, False, Not Annotated, False
D8CF2232, SWAT_SUTD:RSLinx Enterprise:P2.HMI_FIT201.Pv, 2.429501, 30/6/2015 6:10:48 PM, False, Not Annotated, False
D8CF2232, SWAT_SUTD:RSLinx Enterprise:P2.HMI_FIT201.Pv, 2.430398, 30/6/2015 6:10:49 PM, False, Not Annotated, False
D8CF2232, SWAT_SUTD:RSLinx Enterprise:P2.HMI_FIT201.Pv, 2.430654, 30/6/2015 6:10:50 PM, False, Not Annotated, False
D8CF2232, SWAT_SUTD:RSLinx Enterprise:P2.HMI_FIT201.Pv, 2.430654, 30/6/2015 6:10:51 PM, False, Not Annotated, False
D8CF2232, SWAT_SUTD:RSLinx Enterprise:P2.HMI_FIT201.Pv, 2.429757, 30/6/2015 6:10:52 PM, False, Not Annotated, False
D8CF2232, SWAT_SUTD:RSLinx Enterprise:P2.HMI_FIT201.Pv, 2.435011, 30/6/2015 6:10:53 PM, False, Not Annotated, False
D8CF2232, SWAT_SUTD:RSLinx Enterprise:P2.HMI_FIT201.Pv, 2.435011, 30/6/2015 6:10:54 PM, False, Not Annotated, False
D8CF2232, SWAT_SUTD:RSLinx Enterprise:P2.HMI_FIT201.Pv, 2.435011, 30/6/2015 6:10:55 PM, False, Not Annotated, False
D8CF2232, SWAT_SUTD:RSLinx Enterprise:P2.HMI_FIT201.Pv, 2.435011, 30/6/2015 6:10:56 PM, False, Not Annotated, False
D8CF2232, SWAT_SUTD:RSLinx Enterprise:P2.HMI_FIT201.Pv, 2.435011, 30/6/2015 6:10:57 PM, False, Not Annotated, False
D8CF2232, SWAT_SUTD:RSLinx Enterprise:P2.HMI_FIT201.Pv, 2.435011, 30/6/2015 6:10:58 PM, False, Not Annotated, False
D8CF2232, SWAT_SUTD:RSLinx Enterprise:P2.HMI_FIT201.Pv, 2.439625, 30/6/2015 6:10:59 PM, False, Not Annotated, False
D8CF2232, SWAT_SUTD:RSLinx Enterprise:P2.HMI_FIT201.Pv, 2.439625, 30/6/2015 6:11:00 PM, False, Not Annotated, False
D8CF2232, SWAT_SUTD:RSLinx Enterprise:P2.HMI_FIT201.Pv, 2.435395, 30/6/2015 6:11:01 PM, False, Not Annotated, False
D8CF2232, SWAT_SUTD:RSLinx Enterprise:P2.HMI_FIT201.Pv, 2.435395, 30/6/2015 6:11:02 PM, False, Not Annotated, False
D8CF2232, SWAT_SUTD:RSLinx Enterprise:P2.HMI_FIT201.Pv, 2.434755, 30/6/2015 6:11:03 PM, False, Not Annotated, False
D8CF2232, SWAT_SUTD:RSLinx Enterprise:P2.HMI_FIT201.Pv, 2.434755, 30/6/2015 6:11:04 PM, False, Not Annotated, False
D8CF2232, SWAT_SUTD:RSLinx Enterprise:P2.HMI_FIT201.Pv, 2.434755, 30/6/2015 6:11:05 PM, False, Not Annotated, False
D8CF2232, SWAT_SUTD:RSLinx Enterprise:P2.HMI_FIT201.Pv, 2.431423, 30/6/2015 6:11:06 PM, False, Not Annotated, False
D8CF2232, SWAT_SUTD:RSLinx Enterprise:P2.HMI_FIT201.Pv, 2.430141, 30/6/2015 6:11:07 PM, False, Not Annotated, False
D8CF2232, SWAT_SUTD:RSLinx Enterprise:P2.HMI_FIT201.Pv, 2.430141, 30/6/2015 6:11:08 PM, False, Not Annotated, False
D8CF2232, SWAT_SUTD:RSLinx Enterprise:P2.HMI_FIT201.Pv, 2.430141, 30/6/2015 6:11:09 PM, False, Not Annotated, False
D8CF2232, SWAT_SUTD:RSLinx Enterprise:P2.HMI_FIT201.Pv, 2.430141, 30/6/2015 6:11:10 PM, False, Not Annotated, False
D8CF2232, SWAT_SUTD:RSLinx Enterprise:P2.HMI_FIT201.Pv, 2.430141, 30/6/2015 6:11:11 PM, False, Not Annotated, False
D8CF2232, SWAT_SUTD:RSLinx Enterprise:P2.HMI_FIT201.Pv, 2.430141, 30/6/2015 6:11:12 PM, False, Not Annotated, False
D8CF2232, SWAT_SUTD:RSLinx Enterprise:P2.HMI_FIT201.Pv, 2.430141, 30/6/2015 6:11:13 PM, False, Not Annotated, False
D8CF2232, SWAT_SUTD:RSLinx Enterprise:P2.HMI_FIT201.Pv, 2.435652, 30/6/2015 6:11:14 PM, False, Not Annotated, False
D8CF2232, SWAT_SUTD:RSLinx Enterprise:P2.HMI_FIT201.Pv, 2.436036, 30/6/2015 6:11:15 PM, False, Not Annotated, False
D8CF2232, SWAT_SUTD:RSLinx Enterprise:P2.HMI_FIT201.Pv, 2.436036, 30/6/2015 6:11:16 PM, False, Not Annotated, False
D8CF2232, SWAT_SUTD:RSLinx Enterprise:P2.HMI_FIT201.Pv, 2.43719, 30/6/2015 6:11:17 PM, False, Not Annotated, False
D8CF2232, SWAT_SUTD:RSLinx Enterprise:P2.HMI_FIT201.Pv, 2.43719, 30/6/2015 6:11:18 PM, False, Not Annotated, False
D8CF2232, SWAT_SUTD:RSLinx Enterprise:P2.HMI_FIT201.Pv, 2.439625, 30/6/2015 6:11:19 PM, False, Not Annotated, False
D8CF2232, SWAT_SUTD:RSLinx Enterprise:P2.HMI_FIT201.Pv, 2.436549, 30/6/2015 6:11:20 PM, False, Not Annotated, False
D8CF2232, SWAT_SUTD:RSLinx Enterprise:P2.HMI_FIT201.Pv, 2.436293, 30/6/2015 6:11:21 PM, False, Not Annotated, False
D8CF2232, SWAT_SUTD:RSLinx Enterprise:P2.HMI_FIT201.Pv, 2.435395, 30/6/2015 6:11:22 PM, False, Not Annotated, False
D8CF2232, SWAT_SUTD:RSLinx Enterprise:P2.HMI_FIT201.Pv, 2.433473, 30/6/2015 6:11:23 PM, False, Not Annotated, False
D8CF2232, SWAT_SUTD:RSLinx Enterprise:P2.HMI_FIT201.Pv, 2.433473, 30/6/2015 6:11:24 PM, False, Not Annotated, False
D8CF2232, SWAT_SUTD:RSLinx Enterprise:P2.HMI_FIT201.Pv, 2.431551, 30/6/2015 6:11:25 PM, False, Not Annotated, False
D8CF2232, SWAT_SUTD:RSLinx Enterprise:P2.HMI_FIT201.Pv, 2.429501, 30/6/2015 6:11:26 PM, False, Not Annotated, False
D8CF2232, SWAT_SUTD:RSLinx Enterprise:P2.HMI_FIT201.Pv, 2.429501, 30/6/2015 6:11:27 PM, False, Not Annotated, False
D8CF2232, SWAT_SUTD:RSLinx Enterprise:P2.HMI_FIT201.Pv, 2.429501, 30/6/2015 6:11:28 PM, False, Not Annotated, False
D8CF2232, SWAT_SUTD:RSLinx Enterprise:P2.HMI_FIT201.Pv, 2.428347, 30/6/2015 6:11:29 PM, False, Not Annotated, False
D8CF2232, SWAT_SUTD:RSLinx Enterprise:P2.HMI_FIT201.Pv, 2.428347, 30/6/2015 6:11:30 PM, False, Not Annotated, False
D8CF2232, SWAT_SUTD:RSLinx Enterprise:P2.HMI_FIT201.Pv, 2.428219, 30/6/2015 6:11:31 PM, False, Not Annotated, False
D8CF2232, SWAT_SUTD:RSLinx Enterprise:P2.HMI_FIT201.Pv, 2.428219, 30/6/2015 6:11:32 PM, False, Not Annotated, False
D8CF2232, SWAT_SUTD:RSLinx Enterprise:P2.HMI_FIT201.Pv, 2.428219, 30/6/2015 6:11:33 PM, False, Not Annotated, False
D8CF2232, SWAT_SUTD:RSLinx Enterprise:P2.HMI_FIT201.Pv, 2.428219, 30/6/2015 6:11:34 PM, False, Not Annotated, False
D8CF2232, SWAT_SUTD:RSLinx Enterprise:P2.HMI_FIT201.Pv, 2.428219, 30/6/2015 6:11:35 PM, False, Not Annotated, False
D8CF2232, SWAT_SUTD:RSLinx Enterprise:P2.HMI_FIT201.Pv, 2.428219, 30/6/2015 6:11:36 PM, False, Not Annotated, False
D8CF2232, SWAT_SUTD:RSLinx Enterprise:P2.HMI_FIT201.Pv, 2.428219, 30/6/2015 6:11:37 PM, False, Not Annotated, False
D8CF2232, SWAT_SUTD:RSLinx Enterprise:P2.HMI_FIT201.Pv, 2.428219, 30/6/2015 6:11:38 PM, False, Not Annotated, False
D8CF2232, SWAT_SUTD:RSLinx Enterprise:P2.HMI_FIT201.Pv, 2.428219, 30/6/2015 6:11:39 PM, False, Not Annotated, False
D8CF2232, SWAT_SUTD:RSLinx Enterprise:P2.HMI_FIT201.Pv, 2.428219, 30/6/2015 6:11:40 PM, False, Not Annotated, False
D8CF2232, SWAT_SUTD:RSLinx Enterprise:P2.HMI_FIT201.Pv, 2.428219, 30/6/2015 6:11:41 PM, False, Not Annotated, False
D8CF2232, SWAT_SUTD:RSLinx Enterprise:P2.HMI_FIT201.Pv, 2.429372, 30/6/2015 6:11:42 PM, False, Not Annotated, False
D8CF2232, SWAT_SUTD:RSLinx Enterprise:P2.HMI_FIT201.Pv, 2.430013, 30/6/2015 6:11:43 PM, False, Not Annotated, False
D8CF2232, SWAT_SUTD:RSLinx Enterprise:P2.HMI_FIT201.Pv, 2.430013, 30/6/2015 6:11:44 PM, False, Not Annotated, False
D8CF2232, SWAT_SUTD:RSLinx Enterprise:P2.HMI_FIT201.Pv, 2.431935, 30/6/2015 6:11:45 PM, False, Not Annotated, False
D8CF2232, SWAT_SUTD:RSLinx Enterprise:P2.HMI_FIT201.Pv, 2.432704, 30/6/2015 6:11:46 PM, False, Not Annotated, False
D8CF2232, SWAT_SUTD:RSLinx Enterprise:P2.HMI_FIT201.Pv, 2.433345, 30/6/2015 6:11:47 PM, False, Not Annotated, False
D8CF2232, SWAT_SUTD:RSLinx Enterprise:P2.HMI_FIT201.Pv, 2.433345, 30/6/2015 6:11:48 PM, False, Not Annotated, False
D8CF2232, SWAT_SUTD:RSLinx Enterprise:P2.HMI_FIT201.Pv, 2.433473, 30/6/2015 6:11:49 PM, False, Not Annotated, False
D8CF2232, SWAT_SUTD:RSLinx Enterprise:P2.HMI_FIT201.Pv, 2.433473, 30/6/2015 6:11:50 PM, False, Not Annotated, False
D8CF2232, SWAT_SUTD:RSLinx Enterprise:P2.HMI_FIT201.Pv, 2.433473, 30/6/2015 6:11:51 PM, False, Not Annotated, False
D8CF2232, SWAT_SUTD:RSLinx Enterprise:P2.HMI_FIT201.Pv, 2.433473, 30/6/2015 6:11:52 PM, False, Not Annotated, False
D8CF2232, SWAT_SUTD:RSLinx Enterprise:P2.HMI_FIT201.Pv, 2.429757, 30/6/2015 6:11:53 PM, False, Not Annotated, False
D8CF2232, SWAT_SUTD:RSLinx Enterprise:P2.HMI_FIT201.Pv, 2.429501, 30/6/2015 6:11:54 PM, False, Not Annotated, False
D8CF2232, SWAT_SUTD:RSLinx Enterprise:P2.HMI_FIT201.Pv, 2.428732, 30/6/2015 6:11:55 PM, False, Not Annotated, False
D8CF2232, SWAT_SUTD:RSLinx Enterprise:P2.HMI_FIT201.Pv, 2.427706, 30/6/2015 6:11:56 PM, False, Not Annotated, False
D8CF2232, SWAT_SUTD:RSLinx Enterprise:P2.HMI_FIT201.Pv, 2.426553, 30/6/2015 6:11:57 PM, False, Not Annotated, False
D8CF2232, SWAT_SUTD:RSLinx Enterprise:P2.HMI_FIT201.Pv, 2.426553, 30/6/2015 6:11:58 PM, False, Not Annotated, False
D8CF2232, SWAT_SUTD:RSLinx Enterprise:P2.HMI_FIT201.Pv, 2.428347, 30/6/2015 6:11:59 PM, False, Not Annotated, False
D8CF2232, SWAT_SUTD:RSLinx Enterprise:P2.HMI_FIT201.Pv, 2.429757, 30/6/2015 6:12:00 PM, False, Not Annotated, False
D8CF2232, SWAT_SUTD:RSLinx Enterprise:P2.HMI_FIT201.Pv, 2.429757, 30/6/2015 6:12:01 PM, False, Not Annotated, False
D8CF2232, SWAT_SUTD:RSLinx Enterprise:P2.HMI_FIT201.Pv, 2.429757, 30/6/2015 6:12:02 PM, False, Not Annotated, False
D8CF2232, SWAT_SUTD:RSLinx Enterprise:P2.HMI_FIT201.Pv, 2.430782, 30/6/2015 6:12:03 PM, False, Not Annotated, False
D8CF2232, SWAT_SUTD:RSLinx Enterprise:P2.HMI_FIT201.Pv, 2.43091, 30/6/2015 6:12:04 PM, False, Not Annotated, False
D8CF2232, SWAT_SUTD:RSLinx Enterprise:P2.HMI_FIT201.Pv, 2.428732, 30/6/2015 6:12:05 PM, False, Not Annotated, False
D8CF2232, SWAT_SUTD:RSLinx Enterprise:P2.HMI_FIT201.Pv, 2.427706, 30/6/2015 6:12:06 PM, False, Not Annotated, False
D8CF2232, SWAT_SUTD:RSLinx Enterprise:P2.HMI_FIT201.Pv, 2.427578, 30/6/2015 6:12:07 PM, False, Not Annotated, False
D8CF2232, SWAT_SUTD:RSLinx Enterprise:P2.HMI_FIT201.Pv, 2.42745, 30/6/2015 6:12:08 PM, False, Not Annotated, False
D8CF2232, SWAT_SUTD:RSLinx Enterprise:P2.HMI_FIT201.Pv, 2.42745, 30/6/2015 6:12:09 PM, False, Not Annotated, False
D8CF2232, SWAT_SUTD:RSLinx Enterprise:P2.HMI_FIT201.Pv, 2.42745, 30/6/2015 6:12:10 PM, False, Not Annotated, False
D8CF2232, SWAT_SUTD:RSLinx Enterprise:P2.HMI_FIT201.Pv, 2.42745, 30/6/2015 6:12:11 PM, False, Not Annotated, False
D8CF2232, SWAT_SUTD:RSLinx Enterprise:P2.HMI_FIT201.Pv, 2.428219, 30/6/2015 6:12:12 PM, False, Not Annotated, False
D8CF2232, SWAT_SUTD:RSLinx Enterprise:P2.HMI_FIT201.Pv, 2.428219, 30/6/2015 6:12:13 PM, False, Not Annotated, False
D8CF2232, SWAT_SUTD:RSLinx Enterprise:P2.HMI_FIT201.Pv, 2.428219, 30/6/2015 6:12:14 PM, False, Not Annotated, False
D8CF2232, SWAT_SUTD:RSLinx Enterprise:P2.HMI_FIT201.Pv, 2.430013, 30/6/2015 6:12:15 PM, False, Not Annotated, False
D8CF2232, SWAT_SUTD:RSLinx Enterprise:P2.HMI_FIT201.Pv, 2.430013, 30/6/2015 6:12:16 PM, False, Not Annotated, False
D8CF2232, SWAT_SUTD:RSLinx Enterprise:P2.HMI_FIT201.Pv, 2.430013, 30/6/2015 6:12:17 PM, False, Not Annotated, False
D8CF2232, SWAT_SUTD:RSLinx Enterprise:P2.HMI_FIT201.Pv, 2.428219, 30/6/2015 6:12:18 PM, False, Not Annotated, False
D8CF2232, SWAT_SUTD:RSLinx Enterprise:P2.HMI_FIT201.Pv, 2.428219, 30/6/2015 6:12:19 PM, False, Not Annotated, False
D8CF2232, SWAT_SUTD:RSLinx Enterprise:P2.HMI_FIT201.Pv, 2.428988, 30/6/2015 6:12:20 PM, False, Not Annotated, False
D8CF2232, SWAT_SUTD:RSLinx Enterprise:P2.HMI_FIT201.Pv, 2.432832, 30/6/2015 6:12:21 PM, False, Not Annotated, False
D8CF2232, SWAT_SUTD:RSLinx Enterprise:P2.HMI_FIT201.Pv, 2.432832, 30/6/2015 6:12:22 PM, False, Not Annotated, False
D8CF2232, SWAT_SUTD:RSLinx Enterprise:P2.HMI_FIT201.Pv, 2.432832, 30/6/2015 6:12:23 PM, False, Not Annotated, False
D8CF2232, SWAT_SUTD:RSLinx Enterprise:P2.HMI_FIT201.Pv, 2.432832, 30/6/2015 6:12:24 PM, False, Not Annotated, False
D8CF2232, SWAT_SUTD:RSLinx Enterprise:P2.HMI_FIT201.Pv, 2.430654, 30/6/2015 6:12:25 PM, False, Not Annotated, False
D8CF2232, SWAT_SUTD:RSLinx Enterprise:P2.HMI_FIT201.Pv, 2.430654, 30/6/2015 6:12:26 PM, False, Not Annotated, False
D8CF2232, SWAT_SUTD:RSLinx Enterprise:P2.HMI_FIT201.Pv, 2.430782, 30/6/2015 6:12:27 PM, False, Not Annotated, False
D8CF2232, SWAT_SUTD:RSLinx Enterprise:P2.HMI_FIT201.Pv, 2.433986, 30/6/2015 6:12:28 PM, False, Not Annotated, False
D8CF2232, SWAT_SUTD:RSLinx Enterprise:P2.HMI_FIT201.Pv, 2.433986, 30/6/2015 6:12:29 PM, False, Not Annotated, False
D8CF2232, SWAT_SUTD:RSLinx Enterprise:P2.HMI_FIT201.Pv, 2.43091, 30/6/2015 6:12:30 PM, False, Not Annotated, False
D8CF2232, SWAT_SUTD:RSLinx Enterprise:P2.HMI_FIT201.Pv, 2.43091, 30/6/2015 6:12:31 PM, False, Not Annotated, False
D8CF2232, SWAT_SUTD:RSLinx Enterprise:P2.HMI_FIT201.Pv, 2.43091, 30/6/2015 6:12:32 PM, False, Not Annotated, False
D8CF2232, SWAT_SUTD:RSLinx Enterprise:P2.HMI_FIT201.Pv, 2.43091, 30/6/2015 6:12:33 PM, False, Not Annotated, False
D8CF2232, SWAT_SUTD:RSLinx Enterprise:P2.HMI_FIT201.Pv, 2.43091, 30/6/2015 6:12:34 PM, False, Not Annotated, False
D8CF2232, SWAT_SUTD:RSLinx Enterprise:P2.HMI_FIT201.Pv, 2.428347, 30/6/2015 6:12:35 PM, False, Not Annotated, False
D8CF2232, SWAT_SUTD:RSLinx Enterprise:P2.HMI_FIT201.Pv, 2.428219, 30/6/2015 6:12:36 PM, False, Not Annotated, False
D8CF2232, SWAT_SUTD:RSLinx Enterprise:P2.HMI_FIT201.Pv, 2.428219, 30/6/2015 6:12:37 PM, False, Not Annotated, False
D8CF2232, SWAT_SUTD:RSLinx Enterprise:P2.HMI_FIT201.Pv, 2.428219, 30/6/2015 6:12:38 PM, False, Not Annotated, False
D8CF2232, SWAT_SUTD:RSLinx Enterprise:P2.HMI_FIT201.Pv, 2.428988, 30/6/2015 6:12:39 PM, False, Not Annotated, False
D8CF2232, SWAT_SUTD:RSLinx Enterprise:P2.HMI_FIT201.Pv, 2.428988, 30/6/2015 6:12:40 PM, False, Not Annotated, False
D8CF2232, SWAT_SUTD:RSLinx Enterprise:P2.HMI_FIT201.Pv, 2.428988, 30/6/2015 6:12:41 PM, False, Not Annotated, False
D8CF2232, SWAT_SUTD:RSLinx Enterprise:P2.HMI_FIT201.Pv, 2.428988, 30/6/2015 6:12:42 PM, False, Not Annotated, False
D8CF2232, SWAT_SUTD:RSLinx Enterprise:P2.HMI_FIT201.Pv, 2.428988, 30/6/2015 6:12:43 PM, False, Not Annotated, False
D8CF2232, SWAT_SUTD:RSLinx Enterprise:P2.HMI_FIT201.Pv, 2.428988, 30/6/2015 6:12:44 PM, False, Not Annotated, False
D8CF2232, SWAT_SUTD:RSLinx Enterprise:P2.HMI_FIT201.Pv, 2.428988, 30/6/2015 6:12:45 PM, False, Not Annotated, False
D8CF2232, SWAT_SUTD:RSLinx Enterprise:P2.HMI_FIT201.Pv, 2.430654, 30/6/2015 6:12:46 PM, False, Not Annotated, False
D8CF2232, SWAT_SUTD:RSLinx Enterprise:P2.HMI_FIT201.Pv, 2.432704, 30/6/2015 6:12:47 PM, False, Not Annotated, False
D8CF2232, SWAT_SUTD:RSLinx Enterprise:P2.HMI_FIT201.Pv, 2.433473, 30/6/2015 6:12:48 PM, False, Not Annotated, False
D8CF2232, SWAT_SUTD:RSLinx Enterprise:P2.HMI_FIT201.Pv, 2.435011, 30/6/2015 6:12:49 PM, False, Not Annotated, False
D8CF2232, SWAT_SUTD:RSLinx Enterprise:P2.HMI_FIT201.Pv, 2.435011, 30/6/2015 6:12:50 PM, False, Not Annotated, False
D8CF2232, SWAT_SUTD:RSLinx Enterprise:P2.HMI_FIT201.Pv, 2.435011, 30/6/2015 6:12:51 PM, False, Not Annotated, False
D8CF2232, SWAT_SUTD:RSLinx Enterprise:P2.HMI_FIT201.Pv, 2.435011, 30/6/2015 6:12:52 PM, False, Not Annotated, False
D8CF2232, SWAT_SUTD:RSLinx Enterprise:P2.HMI_FIT201.Pv, 2.435011, 30/6/2015 6:12:53 PM, False, Not Annotated, False
D8CF2232, SWAT_SUTD:RSLinx Enterprise:P2.HMI_FIT201.Pv, 2.435011, 30/6/2015 6:12:54 PM, False, Not Annotated, False
D8CF2232, SWAT_SUTD:RSLinx Enterprise:P2.HMI_FIT201.Pv, 2.435011, 30/6/2015 6:12:55 PM, False, Not Annotated, False
D8CF2232, SWAT_SUTD:RSLinx Enterprise:P2.HMI_FIT201.Pv, 2.434627, 30/6/2015 6:12:56 PM, False, Not Annotated, False
D8CF2232, SWAT_SUTD:RSLinx Enterprise:P2.HMI_FIT201.Pv, 2.429501, 30/6/2015 6:12:57 PM, False, Not Annotated, False
D8CF2232, SWAT_SUTD:RSLinx Enterprise:P2.HMI_FIT201.Pv, 2.429501, 30/6/2015 6:12:58 PM, False, Not Annotated, False
D8CF2232, SWAT_SUTD:RSLinx Enterprise:P2.HMI_FIT201.Pv, 2.432448, 30/6/2015 6:12:59 PM, False, Not Annotated, False
D8CF2232, SWAT_SUTD:RSLinx Enterprise:P2.HMI_FIT201.Pv, 2.432832, 30/6/2015 6:13:00 PM, False, Not Annotated, False
D8CF2232, SWAT_SUTD:RSLinx Enterprise:P2.HMI_FIT201.Pv, 2.431423, 30/6/2015 6:13:01 PM, False, Not Annotated, False
D8CF2232, SWAT_SUTD:RSLinx Enterprise:P2.HMI_FIT201.Pv, 2.431423, 30/6/2015 6:13:02 PM, False, Not Annotated, False
D8CF2232, SWAT_SUTD:RSLinx Enterprise:P2.HMI_FIT201.Pv, 2.43091, 30/6/2015 6:13:03 PM, False, Not Annotated, False
D8CF2232, SWAT_SUTD:RSLinx Enterprise:P2.HMI_FIT201.Pv, 2.428475, 30/6/2015 6:13:04 PM, False, Not Annotated, False
D8CF2232, SWAT_SUTD:RSLinx Enterprise:P2.HMI_FIT201.Pv, 2.428475, 30/6/2015 6:13:05 PM, False, Not Annotated, False
D8CF2232, SWAT_SUTD:RSLinx Enterprise:P2.HMI_FIT201.Pv, 2.424887, 30/6/2015 6:13:06 PM, False, Not Annotated, False
D8CF2232, SWAT_SUTD:RSLinx Enterprise:P2.HMI_FIT201.Pv, 2.423606, 30/6/2015 6:13:07 PM, False, Not Annotated, False
D8CF2232, SWAT_SUTD:RSLinx Enterprise:P2.HMI_FIT201.Pv, 2.422324, 30/6/2015 6:13:08 PM, False, Not Annotated, False
D8CF2232, SWAT_SUTD:RSLinx Enterprise:P2.HMI_FIT201.Pv, 2.422324, 30/6/2015 6:13:09 PM, False, Not Annotated, False
D8CF2232, SWAT_SUTD:RSLinx Enterprise:P2.HMI_FIT201.Pv, 2.424246, 30/6/2015 6:13:10 PM, False, Not Annotated, False
D8CF2232, SWAT_SUTD:RSLinx Enterprise:P2.HMI_FIT201.Pv, 2.427066, 30/6/2015 6:13:11 PM, False, Not Annotated, False
D8CF2232, SWAT_SUTD:RSLinx Enterprise:P2.HMI_FIT201.Pv, 2.427066, 30/6/2015 6:13:12 PM, False, Not Annotated, False
D8CF2232, SWAT_SUTD:RSLinx Enterprise:P2.HMI_FIT201.Pv, 2.42886, 30/6/2015 6:13:13 PM, False, Not Annotated, False
D8CF2232, SWAT_SUTD:RSLinx Enterprise:P2.HMI_FIT201.Pv, 2.42886, 30/6/2015 6:13:14 PM, False, Not Annotated, False
D8CF2232, SWAT_SUTD:RSLinx Enterprise:P2.HMI_FIT201.Pv, 2.43091, 30/6/2015 6:13:15 PM, False, Not Annotated, False
D8CF2232, SWAT_SUTD:RSLinx Enterprise:P2.HMI_FIT201.Pv, 2.432064, 30/6/2015 6:13:16 PM, False, Not Annotated, False
D8CF2232, SWAT_SUTD:RSLinx Enterprise:P2.HMI_FIT201.Pv, 2.433473, 30/6/2015 6:13:17 PM, False, Not Annotated, False
D8CF2232, SWAT_SUTD:RSLinx Enterprise:P2.HMI_FIT201.Pv, 2.435011, 30/6/2015 6:13:18 PM, False, Not Annotated, False
D8CF2232, SWAT_SUTD:RSLinx Enterprise:P2.HMI_FIT201.Pv, 2.435011, 30/6/2015 6:13:19 PM, False, Not Annotated, False
D8CF2232, SWAT_SUTD:RSLinx Enterprise:P2.HMI_FIT201.Pv, 2.430141, 30/6/2015 6:13:20 PM, False, Not Annotated, False
D8CF2232, SWAT_SUTD:RSLinx Enterprise:P2.HMI_FIT201.Pv, 2.42886, 30/6/2015 6:13:21 PM, False, Not Annotated, False
D8CF2232, SWAT_SUTD:RSLinx Enterprise:P2.HMI_FIT201.Pv, 2.42886, 30/6/2015 6:13:22 PM, False, Not Annotated, False
D8CF2232, SWAT_SUTD:RSLinx Enterprise:P2.HMI_FIT201.Pv, 2.42886, 30/6/2015 6:13:23 PM, False, Not Annotated, False
D8CF2232, SWAT_SUTD:RSLinx Enterprise:P2.HMI_FIT201.Pv, 2.42886, 30/6/2015 6:13:24 PM, False, Not Annotated, False
D8CF2232, SWAT_SUTD:RSLinx Enterprise:P2.HMI_FIT201.Pv, 2.427578, 30/6/2015 6:13:25 PM, False, Not Annotated, False
D8CF2232, SWAT_SUTD:RSLinx Enterprise:P2.HMI_FIT201.Pv, 2.427578, 30/6/2015 6:13:26 PM, False, Not Annotated, False
D8CF2232, SWAT_SUTD:RSLinx Enterprise:P2.HMI_FIT201.Pv, 2.427578, 30/6/2015 6:13:27 PM, False, Not Annotated, False
D8CF2232, SWAT_SUTD:RSLinx Enterprise:P2.HMI_FIT201.Pv, 2.427578, 30/6/2015 6:13:28 PM, False, Not Annotated, False
D8CF2232, SWAT_SUTD:RSLinx Enterprise:P2.HMI_FIT201.Pv, 2.427578, 30/6/2015 6:13:29 PM, False, Not Annotated, False
D8CF2232, SWAT_SUTD:RSLinx Enterprise:P2.HMI_FIT201.Pv, 2.427578, 30/6/2015 6:13:30 PM, False, Not Annotated, False
D8CF2232, SWAT_SUTD:RSLinx Enterprise:P2.HMI_FIT201.Pv, 2.427578, 30/6/2015 6:13:31 PM, False, Not Annotated, False
D8CF2232, SWAT_SUTD:RSLinx Enterprise:P2.HMI_FIT201.Pv, 2.427578, 30/6/2015 6:13:32 PM, False, Not Annotated, False
D8CF2232, SWAT_SUTD:RSLinx Enterprise:P2.HMI_FIT201.Pv, 2.427578, 30/6/2015 6:13:33 PM, False, Not Annotated, False
D8CF2232, SWAT_SUTD:RSLinx Enterprise:P2.HMI_FIT201.Pv, 2.425656, 30/6/2015 6:13:34 PM, False, Not Annotated, False
D8CF2232, SWAT_SUTD:RSLinx Enterprise:P2.HMI_FIT201.Pv, 2.425656, 30/6/2015 6:13:35 PM, False, Not Annotated, False
D8CF2232, SWAT_SUTD:RSLinx Enterprise:P2.HMI_FIT201.Pv, 2.429116, 30/6/2015 6:13:36 PM, False, Not Annotated, False
D8CF2232, SWAT_SUTD:RSLinx Enterprise:P2.HMI_FIT201.Pv, 2.429116, 30/6/2015 6:13:37 PM, False, Not Annotated, False
D8CF2232, SWAT_SUTD:RSLinx Enterprise:P2.HMI_FIT201.Pv, 2.429116, 30/6/2015 6:13:38 PM, False, Not Annotated, False
D8CF2232, SWAT_SUTD:RSLinx Enterprise:P2.HMI_FIT201.Pv, 2.429116, 30/6/2015 6:13:39 PM, False, Not Annotated, False
D8CF2232, SWAT_SUTD:RSLinx Enterprise:P2.HMI_FIT201.Pv, 2.429116, 30/6/2015 6:13:40 PM, False, Not Annotated, False
D8CF2232, SWAT_SUTD:RSLinx Enterprise:P2.HMI_FIT201.Pv, 2.429116, 30/6/2015 6:13:41 PM, False, Not Annotated, False
D8CF2232, SWAT_SUTD:RSLinx Enterprise:P2.HMI_FIT201.Pv, 2.429116, 30/6/2015 6:13:42 PM, False, Not Annotated, False
D8CF2232, SWAT_SUTD:RSLinx Enterprise:P2.HMI_FIT201.Pv, 2.428219, 30/6/2015 6:13:43 PM, False, Not Annotated, False
D8CF2232, SWAT_SUTD:RSLinx Enterprise:P2.HMI_FIT201.Pv, 2.428219, 30/6/2015 6:13:44 PM, False, Not Annotated, False
D8CF2232, SWAT_SUTD:RSLinx Enterprise:P2.HMI_FIT201.Pv, 2.428219, 30/6/2015 6:13:45 PM, False, Not Annotated, False
D8CF2232, SWAT_SUTD:RSLinx Enterprise:P2.HMI_FIT201.Pv, 2.428219, 30/6/2015 6:13:46 PM, False, Not Annotated, False
D8CF2232, SWAT_SUTD:RSLinx Enterprise:P2.HMI_FIT201.Pv, 2.429629, 30/6/2015 6:13:47 PM, False, Not Annotated, False
D8CF2232, SWAT_SUTD:RSLinx Enterprise:P2.HMI_FIT201.Pv, 2.429629, 30/6/2015 6:13:48 PM, False, Not Annotated, False
D8CF2232, SWAT_SUTD:RSLinx Enterprise:P2.HMI_FIT201.Pv, 2.429629, 30/6/2015 6:13:49 PM, False, Not Annotated, False
D8CF2232, SWAT_SUTD:RSLinx Enterprise:P2.HMI_FIT201.Pv, 2.429629, 30/6/2015 6:13:50 PM, False, Not Annotated, False
D8CF2232, SWAT_SUTD:RSLinx Enterprise:P2.HMI_FIT201.Pv, 2.42886, 30/6/2015 6:13:51 PM, False, Not Annotated, False
D8CF2232, SWAT_SUTD:RSLinx Enterprise:P2.HMI_FIT201.Pv, 2.428219, 30/6/2015 6:13:52 PM, False, Not Annotated, False
D8CF2232, SWAT_SUTD:RSLinx Enterprise:P2.HMI_FIT201.Pv, 2.428219, 30/6/2015 6:13:53 PM, False, Not Annotated, False
D8CF2232, SWAT_SUTD:RSLinx Enterprise:P2.HMI_FIT201.Pv, 2.428219, 30/6/2015 6:13:54 PM, False, Not Annotated, False
D8CF2232, SWAT_SUTD:RSLinx Enterprise:P2.HMI_FIT201.Pv, 2.430141, 30/6/2015 6:13:55 PM, False, Not Annotated, False
D8CF2232, SWAT_SUTD:RSLinx Enterprise:P2.HMI_FIT201.Pv, 2.431038, 30/6/2015 6:13:56 PM, False, Not Annotated, False
D8CF2232, SWAT_SUTD:RSLinx Enterprise:P2.HMI_FIT201.Pv, 2.433345, 30/6/2015 6:13:57 PM, False, Not Annotated, False
D8CF2232, SWAT_SUTD:RSLinx Enterprise:P2.HMI_FIT201.Pv, 2.433345, 30/6/2015 6:13:58 PM, False, Not Annotated, False
D8CF2232, SWAT_SUTD:RSLinx Enterprise:P2.HMI_FIT201.Pv, 2.433345, 30/6/2015 6:13:59 PM, False, Not Annotated, False
D8CF2232, SWAT_SUTD:RSLinx Enterprise:P2.HMI_FIT201.Pv, 2.433345, 30/6/2015 6:14:00 PM, False, Not Annotated, False
D8CF2232, SWAT_SUTD:RSLinx Enterprise:P2.HMI_FIT201.Pv, 2.428988, 30/6/2015 6:14:01 PM, False, Not Annotated, False
D8CF2232, SWAT_SUTD:RSLinx Enterprise:P2.HMI_FIT201.Pv, 2.428988, 30/6/2015 6:14:02 PM, False, Not Annotated, False
D8CF2232, SWAT_SUTD:RSLinx Enterprise:P2.HMI_FIT201.Pv, 2.428988, 30/6/2015 6:14:03 PM, False, Not Annotated, False
D8CF2232, SWAT_SUTD:RSLinx Enterprise:P2.HMI_FIT201.Pv, 2.42745, 30/6/2015 6:14:04 PM, False, Not Annotated, False
D8CF2232, SWAT_SUTD:RSLinx Enterprise:P2.HMI_FIT201.Pv, 2.42745, 30/6/2015 6:14:05 PM, False, Not Annotated, False
D8CF2232, SWAT_SUTD:RSLinx Enterprise:P2.HMI_FIT201.Pv, 2.426169, 30/6/2015 6:14:06 PM, False, Not Annotated, False
D8CF2232, SWAT_SUTD:RSLinx Enterprise:P2.HMI_FIT201.Pv, 2.425528, 30/6/2015 6:14:07 PM, False, Not Annotated, False
D8CF2232, SWAT_SUTD:RSLinx Enterprise:P2.HMI_FIT201.Pv, 2.424246, 30/6/2015 6:14:08 PM, False, Not Annotated, False
D8CF2232, SWAT_SUTD:RSLinx Enterprise:P2.HMI_FIT201.Pv, 2.423734, 30/6/2015 6:14:09 PM, False, Not Annotated, False
D8CF2232, SWAT_SUTD:RSLinx Enterprise:P2.HMI_FIT201.Pv, 2.422709, 30/6/2015 6:14:10 PM, False, Not Annotated, False
D8CF2232, SWAT_SUTD:RSLinx Enterprise:P2.HMI_FIT201.Pv, 2.422709, 30/6/2015 6:14:11 PM, False, Not Annotated, False
D8CF2232, SWAT_SUTD:RSLinx Enterprise:P2.HMI_FIT201.Pv, 2.422709, 30/6/2015 6:14:12 PM, False, Not Annotated, False
D8CF2232, SWAT_SUTD:RSLinx Enterprise:P2.HMI_FIT201.Pv, 2.422709, 30/6/2015 6:14:13 PM, False, Not Annotated, False
D8CF2232, SWAT_SUTD:RSLinx Enterprise:P2.HMI_FIT201.Pv, 2.421042, 30/6/2015 6:14:14 PM, False, Not Annotated, False
D8CF2232, SWAT_SUTD:RSLinx Enterprise:P2.HMI_FIT201.Pv, 2.421042, 30/6/2015 6:14:15 PM, False, Not Annotated, False
D8CF2232, SWAT_SUTD:RSLinx Enterprise:P2.HMI_FIT201.Pv, 2.425015, 30/6/2015 6:14:16 PM, False, Not Annotated, False
D8CF2232, SWAT_SUTD:RSLinx Enterprise:P2.HMI_FIT201.Pv, 2.427066, 30/6/2015 6:14:17 PM, False, Not Annotated, False
D8CF2232, SWAT_SUTD:RSLinx Enterprise:P2.HMI_FIT201.Pv, 2.427066, 30/6/2015 6:14:18 PM, False, Not Annotated, False
D8CF2232, SWAT_SUTD:RSLinx Enterprise:P2.HMI_FIT201.Pv, 2.427066, 30/6/2015 6:14:19 PM, False, Not Annotated, False
D8CF2232, SWAT_SUTD:RSLinx Enterprise:P2.HMI_FIT201.Pv, 2.427066, 30/6/2015 6:14:20 PM, False, Not Annotated, False
D8CF2232, SWAT_SUTD:RSLinx Enterprise:P2.HMI_FIT201.Pv, 2.425784, 30/6/2015 6:14:21 PM, False, Not Annotated, False
D8CF2232, SWAT_SUTD:RSLinx Enterprise:P2.HMI_FIT201.Pv, 2.425784, 30/6/2015 6:14:22 PM, False, Not Annotated, False
D8CF2232, SWAT_SUTD:RSLinx Enterprise:P2.HMI_FIT201.Pv, 2.42886, 30/6/2015 6:14:23 PM, False, Not Annotated, False
D8CF2232, SWAT_SUTD:RSLinx Enterprise:P2.HMI_FIT201.Pv, 2.42886, 30/6/2015 6:14:24 PM, False, Not Annotated, False
D8CF2232, SWAT_SUTD:RSLinx Enterprise:P2.HMI_FIT201.Pv, 2.42886, 30/6/2015 6:14:25 PM, False, Not Annotated, False
D8CF2232, SWAT_SUTD:RSLinx Enterprise:P2.HMI_FIT201.Pv, 2.42886, 30/6/2015 6:14:26 PM, False, Not Annotated, False
D8CF2232, SWAT_SUTD:RSLinx Enterprise:P2.HMI_FIT201.Pv, 2.427706, 30/6/2015 6:14:27 PM, False, Not Annotated, False
D8CF2232, SWAT_SUTD:RSLinx Enterprise:P2.HMI_FIT201.Pv, 2.427706, 30/6/2015 6:14:28 PM, False, Not Annotated, False
D8CF2232, SWAT_SUTD:RSLinx Enterprise:P2.HMI_FIT201.Pv, 2.426938, 30/6/2015 6:14:29 PM, False, Not Annotated, False
D8CF2232, SWAT_SUTD:RSLinx Enterprise:P2.HMI_FIT201.Pv, 2.426938, 30/6/2015 6:14:30 PM, False, Not Annotated, False
D8CF2232, SWAT_SUTD:RSLinx Enterprise:P2.HMI_FIT201.Pv, 2.426938, 30/6/2015 6:14:31 PM, False, Not Annotated, False
D8CF2232, SWAT_SUTD:RSLinx Enterprise:P2.HMI_FIT201.Pv, 2.423221, 30/6/2015 6:14:32 PM, False, Not Annotated, False
D8CF2232, SWAT_SUTD:RSLinx Enterprise:P2.HMI_FIT201.Pv, 2.423221, 30/6/2015 6:14:33 PM, False, Not Annotated, False
D8CF2232, SWAT_SUTD:RSLinx Enterprise:P2.HMI_FIT201.Pv, 2.423221, 30/6/2015 6:14:34 PM, False, Not Annotated, False
D8CF2232, SWAT_SUTD:RSLinx Enterprise:P2.HMI_FIT201.Pv, 2.423221, 30/6/2015 6:14:35 PM, False, Not Annotated, False
D8CF2232, SWAT_SUTD:RSLinx Enterprise:P2.HMI_FIT201.Pv, 2.42399, 30/6/2015 6:14:36 PM, False, Not Annotated, False
D8CF2232, SWAT_SUTD:RSLinx Enterprise:P2.HMI_FIT201.Pv, 2.42399, 30/6/2015 6:14:37 PM, False, Not Annotated, False
D8CF2232, SWAT_SUTD:RSLinx Enterprise:P2.HMI_FIT201.Pv, 2.425143, 30/6/2015 6:14:38 PM, False, Not Annotated, False
D8CF2232, SWAT_SUTD:RSLinx Enterprise:P2.HMI_FIT201.Pv, 2.425143, 30/6/2015 6:14:39 PM, False, Not Annotated, False
D8CF2232, SWAT_SUTD:RSLinx Enterprise:P2.HMI_FIT201.Pv, 2.425143, 30/6/2015 6:14:40 PM, False, Not Annotated, False
D8CF2232, SWAT_SUTD:RSLinx Enterprise:P2.HMI_FIT201.Pv, 2.425143, 30/6/2015 6:14:41 PM, False, Not Annotated, False
D8CF2232, SWAT_SUTD:RSLinx Enterprise:P2.HMI_FIT201.Pv, 2.425143, 30/6/2015 6:14:42 PM, False, Not Annotated, False
D8CF2232, SWAT_SUTD:RSLinx Enterprise:P2.HMI_FIT201.Pv, 2.425143, 30/6/2015 6:14:43 PM, False, Not Annotated, False
D8CF2232, SWAT_SUTD:RSLinx Enterprise:P2.HMI_FIT201.Pv, 2.425143, 30/6/2015 6:14:44 PM, False, Not Annotated, False
D8CF2232, SWAT_SUTD:RSLinx Enterprise:P2.HMI_FIT201.Pv, 2.425143, 30/6/2015 6:14:45 PM, False, Not Annotated, False
D8CF2232, SWAT_SUTD:RSLinx Enterprise:P2.HMI_FIT201.Pv, 2.425143, 30/6/2015 6:14:46 PM, False, Not Annotated, False
D8CF2232, SWAT_SUTD:RSLinx Enterprise:P2.HMI_FIT201.Pv, 2.427835, 30/6/2015 6:14:47 PM, False, Not Annotated, False
D8CF2232, SWAT_SUTD:RSLinx Enterprise:P2.HMI_FIT201.Pv, 2.428475, 30/6/2015 6:14:48 PM, False, Not Annotated, False
D8CF2232, SWAT_SUTD:RSLinx Enterprise:P2.HMI_FIT201.Pv, 2.428475, 30/6/2015 6:14:49 PM, False, Not Annotated, False
D8CF2232, SWAT_SUTD:RSLinx Enterprise:P2.HMI_FIT201.Pv, 2.425272, 30/6/2015 6:14:50 PM, False, Not Annotated, False
D8CF2232, SWAT_SUTD:RSLinx Enterprise:P2.HMI_FIT201.Pv, 2.425272, 30/6/2015 6:14:51 PM, False, Not Annotated, False
D8CF2232, SWAT_SUTD:RSLinx Enterprise:P2.HMI_FIT201.Pv, 2.426809, 30/6/2015 6:14:52 PM, False, Not Annotated, False
D8CF2232, SWAT_SUTD:RSLinx Enterprise:P2.HMI_FIT201.Pv, 2.427578, 30/6/2015 6:14:53 PM, False, Not Annotated, False
D8CF2232, SWAT_SUTD:RSLinx Enterprise:P2.HMI_FIT201.Pv, 2.427578, 30/6/2015 6:14:54 PM, False, Not Annotated, False
D8CF2232, SWAT_SUTD:RSLinx Enterprise:P2.HMI_FIT201.Pv, 2.427578, 30/6/2015 6:14:55 PM, False, Not Annotated, False
D8CF2232, SWAT_SUTD:RSLinx Enterprise:P2.HMI_FIT201.Pv, 2.427578, 30/6/2015 6:14:56 PM, False, Not Annotated, False
D8CF2232, SWAT_SUTD:RSLinx Enterprise:P2.HMI_FIT201.Pv, 2.42886, 30/6/2015 6:14:57 PM, False, Not Annotated, False
D8CF2232, SWAT_SUTD:RSLinx Enterprise:P2.HMI_FIT201.Pv, 2.430141, 30/6/2015 6:14:58 PM, False, Not Annotated, False
D8CF2232, SWAT_SUTD:RSLinx Enterprise:P2.HMI_FIT201.Pv, 2.430141, 30/6/2015 6:14:59 PM, False, Not Annotated, False
D8CF2232, SWAT_SUTD:RSLinx Enterprise:P2.HMI_FIT201.Pv, 2.426553, 30/6/2015 6:15:00 PM, False, Not Annotated, False
D8CF2232, SWAT_SUTD:RSLinx Enterprise:P2.HMI_FIT201.Pv, 2.426553, 30/6/2015 6:15:01 PM, False, Not Annotated, False
D8CF2232, SWAT_SUTD:RSLinx Enterprise:P2.HMI_FIT201.Pv, 2.426553, 30/6/2015 6:15:02 PM, False, Not Annotated, False
D8CF2232, SWAT_SUTD:RSLinx Enterprise:P2.HMI_FIT201.Pv, 2.42745, 30/6/2015 6:15:03 PM, False, Not Annotated, False
D8CF2232, SWAT_SUTD:RSLinx Enterprise:P2.HMI_FIT201.Pv, 2.423606, 30/6/2015 6:15:04 PM, False, Not Annotated, False
D8CF2232, SWAT_SUTD:RSLinx Enterprise:P2.HMI_FIT201.Pv, 2.422324, 30/6/2015 6:15:05 PM, False, Not Annotated, False
D8CF2232, SWAT_SUTD:RSLinx Enterprise:P2.HMI_FIT201.Pv, 2.422324, 30/6/2015 6:15:06 PM, False, Not Annotated, False
D8CF2232, SWAT_SUTD:RSLinx Enterprise:P2.HMI_FIT201.Pv, 2.424246, 30/6/2015 6:15:07 PM, False, Not Annotated, False
D8CF2232, SWAT_SUTD:RSLinx Enterprise:P2.HMI_FIT201.Pv, 2.424503, 30/6/2015 6:15:08 PM, False, Not Annotated, False
D8CF2232, SWAT_SUTD:RSLinx Enterprise:P2.HMI_FIT201.Pv, 2.424503, 30/6/2015 6:15:09 PM, False, Not Annotated, False
D8CF2232, SWAT_SUTD:RSLinx Enterprise:P2.HMI_FIT201.Pv, 2.424503, 30/6/2015 6:15:10 PM, False, Not Annotated, False
D8CF2232, SWAT_SUTD:RSLinx Enterprise:P2.HMI_FIT201.Pv, 2.427706, 30/6/2015 6:15:11 PM, False, Not Annotated, False
D8CF2232, SWAT_SUTD:RSLinx Enterprise:P2.HMI_FIT201.Pv, 2.430782, 30/6/2015 6:15:12 PM, False, Not Annotated, False
D8CF2232, SWAT_SUTD:RSLinx Enterprise:P2.HMI_FIT201.Pv, 2.431295, 30/6/2015 6:15:13 PM, False, Not Annotated, False
D8CF2232, SWAT_SUTD:RSLinx Enterprise:P2.HMI_FIT201.Pv, 2.431551, 30/6/2015 6:15:14 PM, False, Not Annotated, False
D8CF2232, SWAT_SUTD:RSLinx Enterprise:P2.HMI_FIT201.Pv, 2.432192, 30/6/2015 6:15:15 PM, False, Not Annotated, False
D8CF2232, SWAT_SUTD:RSLinx Enterprise:P2.HMI_FIT201.Pv, 2.431807, 30/6/2015 6:15:16 PM, False, Not Annotated, False
D8CF2232, SWAT_SUTD:RSLinx Enterprise:P2.HMI_FIT201.Pv, 2.429372, 30/6/2015 6:15:17 PM, False, Not Annotated, False
D8CF2232, SWAT_SUTD:RSLinx Enterprise:P2.HMI_FIT201.Pv, 2.429372, 30/6/2015 6:15:18 PM, False, Not Annotated, False
D8CF2232, SWAT_SUTD:RSLinx Enterprise:P2.HMI_FIT201.Pv, 2.429372, 30/6/2015 6:15:19 PM, False, Not Annotated, False
D8CF2232, SWAT_SUTD:RSLinx Enterprise:P2.HMI_FIT201.Pv, 2.42745, 30/6/2015 6:15:20 PM, False, Not Annotated, False
D8CF2232, SWAT_SUTD:RSLinx Enterprise:P2.HMI_FIT201.Pv, 2.42745, 30/6/2015 6:15:21 PM, False, Not Annotated, False
D8CF2232, SWAT_SUTD:RSLinx Enterprise:P2.HMI_FIT201.Pv, 2.424887, 30/6/2015 6:15:22 PM, False, Not Annotated, False
D8CF2232, SWAT_SUTD:RSLinx Enterprise:P2.HMI_FIT201.Pv, 2.423734, 30/6/2015 6:15:23 PM, False, Not Annotated, False
D8CF2232, SWAT_SUTD:RSLinx Enterprise:P2.HMI_FIT201.Pv, 2.423734, 30/6/2015 6:15:24 PM, False, Not Annotated, False
D8CF2232, SWAT_SUTD:RSLinx Enterprise:P2.HMI_FIT201.Pv, 2.420402, 30/6/2015 6:15:25 PM, False, Not Annotated, False
D8CF2232, SWAT_SUTD:RSLinx Enterprise:P2.HMI_FIT201.Pv, 2.418864, 30/6/2015 6:15:26 PM, False, Not Annotated, False
D8CF2232, SWAT_SUTD:RSLinx Enterprise:P2.HMI_FIT201.Pv, 2.418864, 30/6/2015 6:15:27 PM, False, Not Annotated, False
D8CF2232, SWAT_SUTD:RSLinx Enterprise:P2.HMI_FIT201.Pv, 2.418736, 30/6/2015 6:15:28 PM, False, Not Annotated, False
D8CF2232, SWAT_SUTD:RSLinx Enterprise:P2.HMI_FIT201.Pv, 2.418736, 30/6/2015 6:15:29 PM, False, Not Annotated, False
D8CF2232, SWAT_SUTD:RSLinx Enterprise:P2.HMI_FIT201.Pv, 2.418736, 30/6/2015 6:15:30 PM, False, Not Annotated, False
D8CF2232, SWAT_SUTD:RSLinx Enterprise:P2.HMI_FIT201.Pv, 2.418736, 30/6/2015 6:15:31 PM, False, Not Annotated, False
D8CF2232, SWAT_SUTD:RSLinx Enterprise:P2.HMI_FIT201.Pv, 2.421171, 30/6/2015 6:15:32 PM, False, Not Annotated, False
D8CF2232, SWAT_SUTD:RSLinx Enterprise:P2.HMI_FIT201.Pv, 2.423349, 30/6/2015 6:15:33 PM, False, Not Annotated, False
D8CF2232, SWAT_SUTD:RSLinx Enterprise:P2.HMI_FIT201.Pv, 2.424631, 30/6/2015 6:15:34 PM, False, Not Annotated, False
D8CF2232, SWAT_SUTD:RSLinx Enterprise:P2.HMI_FIT201.Pv, 2.424631, 30/6/2015 6:15:35 PM, False, Not Annotated, False
D8CF2232, SWAT_SUTD:RSLinx Enterprise:P2.HMI_FIT201.Pv, 2.424631, 30/6/2015 6:15:36 PM, False, Not Annotated, False
D8CF2232, SWAT_SUTD:RSLinx Enterprise:P2.HMI_FIT201.Pv, 2.424631, 30/6/2015 6:15:37 PM, False, Not Annotated, False
D8CF2232, SWAT_SUTD:RSLinx Enterprise:P2.HMI_FIT201.Pv, 2.424631, 30/6/2015 6:15:38 PM, False, Not Annotated, False
D8CF2232, SWAT_SUTD:RSLinx Enterprise:P2.HMI_FIT201.Pv, 2.424631, 30/6/2015 6:15:39 PM, False, Not Annotated, False
D8CF2232, SWAT_SUTD:RSLinx Enterprise:P2.HMI_FIT201.Pv, 2.422324, 30/6/2015 6:15:40 PM, False, Not Annotated, False
D8CF2232, SWAT_SUTD:RSLinx Enterprise:P2.HMI_FIT201.Pv, 2.422324, 30/6/2015 6:15:41 PM, False, Not Annotated, False
D8CF2232, SWAT_SUTD:RSLinx Enterprise:P2.HMI_FIT201.Pv, 2.422324, 30/6/2015 6:15:42 PM, False, Not Annotated, False
D8CF2232, SWAT_SUTD:RSLinx Enterprise:P2.HMI_FIT201.Pv, 2.426425, 30/6/2015 6:15:43 PM, False, Not Annotated, False
D8CF2232, SWAT_SUTD:RSLinx Enterprise:P2.HMI_FIT201.Pv, 2.427706, 30/6/2015 6:15:44 PM, False, Not Annotated, False
D8CF2232, SWAT_SUTD:RSLinx Enterprise:P2.HMI_FIT201.Pv, 2.430398, 30/6/2015 6:15:45 PM, False, Not Annotated, False
D8CF2232, SWAT_SUTD:RSLinx Enterprise:P2.HMI_FIT201.Pv, 2.431423, 30/6/2015 6:15:46 PM, False, Not Annotated, False
D8CF2232, SWAT_SUTD:RSLinx Enterprise:P2.HMI_FIT201.Pv, 2.432192, 30/6/2015 6:15:47 PM, False, Not Annotated, False
D8CF2232, SWAT_SUTD:RSLinx Enterprise:P2.HMI_FIT201.Pv, 2.431423, 30/6/2015 6:15:48 PM, False, Not Annotated, False
D8CF2232, SWAT_SUTD:RSLinx Enterprise:P2.HMI_FIT201.Pv, 2.432832, 30/6/2015 6:15:49 PM, False, Not Annotated, False
D8CF2232, SWAT_SUTD:RSLinx Enterprise:P2.HMI_FIT201.Pv, 2.433345, 30/6/2015 6:15:50 PM, False, Not Annotated, False
D8CF2232, SWAT_SUTD:RSLinx Enterprise:P2.HMI_FIT201.Pv, 2.433345, 30/6/2015 6:15:51 PM, False, Not Annotated, False
D8CF2232, SWAT_SUTD:RSLinx Enterprise:P2.HMI_FIT201.Pv, 2.433345, 30/6/2015 6:15:52 PM, False, Not Annotated, False
D8CF2232, SWAT_SUTD:RSLinx Enterprise:P2.HMI_FIT201.Pv, 2.429757, 30/6/2015 6:15:53 PM, False, Not Annotated, False
D8CF2232, SWAT_SUTD:RSLinx Enterprise:P2.HMI_FIT201.Pv, 2.429757, 30/6/2015 6:15:54 PM, False, Not Annotated, False
D8CF2232, SWAT_SUTD:RSLinx Enterprise:P2.HMI_FIT201.Pv, 2.431807, 30/6/2015 6:15:55 PM, False, Not Annotated, False
D8CF2232, SWAT_SUTD:RSLinx Enterprise:P2.HMI_FIT201.Pv, 2.432064, 30/6/2015 6:15:56 PM, False, Not Annotated, False
D8CF2232, SWAT_SUTD:RSLinx Enterprise:P2.HMI_FIT201.Pv, 2.429372, 30/6/2015 6:15:57 PM, False, Not Annotated, False
D8CF2232, SWAT_SUTD:RSLinx Enterprise:P2.HMI_FIT201.Pv, 2.429372, 30/6/2015 6:15:58 PM, False, Not Annotated, False
D8CF2232, SWAT_SUTD:RSLinx Enterprise:P2.HMI_FIT201.Pv, 2.428475, 30/6/2015 6:15:59 PM, False, Not Annotated, False
D8CF2232, SWAT_SUTD:RSLinx Enterprise:P2.HMI_FIT201.Pv, 2.427066, 30/6/2015 6:16:00 PM, False, Not Annotated, False
D8CF2232, SWAT_SUTD:RSLinx Enterprise:P2.HMI_FIT201.Pv, 2.425528, 30/6/2015 6:16:01 PM, False, Not Annotated, False
D8CF2232, SWAT_SUTD:RSLinx Enterprise:P2.HMI_FIT201.Pv, 2.424887, 30/6/2015 6:16:02 PM, False, Not Annotated, False
D8CF2232, SWAT_SUTD:RSLinx Enterprise:P2.HMI_FIT201.Pv, 2.424246, 30/6/2015 6:16:03 PM, False, Not Annotated, False
D8CF2232, SWAT_SUTD:RSLinx Enterprise:P2.HMI_FIT201.Pv, 2.424246, 30/6/2015 6:16:04 PM, False, Not Annotated, False
D8CF2232, SWAT_SUTD:RSLinx Enterprise:P2.HMI_FIT201.Pv, 2.424246, 30/6/2015 6:16:05 PM, False, Not Annotated, False
D8CF2232, SWAT_SUTD:RSLinx Enterprise:P2.HMI_FIT201.Pv, 2.42258, 30/6/2015 6:16:06 PM, False, Not Annotated, False
D8CF2232, SWAT_SUTD:RSLinx Enterprise:P2.HMI_FIT201.Pv, 2.421683, 30/6/2015 6:16:07 PM, False, Not Annotated, False
D8CF2232, SWAT_SUTD:RSLinx Enterprise:P2.HMI_FIT201.Pv, 2.421683, 30/6/2015 6:16:08 PM, False, Not Annotated, False
D8CF2232, SWAT_SUTD:RSLinx Enterprise:P2.HMI_FIT201.Pv, 2.425528, 30/6/2015 6:16:09 PM, False, Not Annotated, False
D8CF2232, SWAT_SUTD:RSLinx Enterprise:P2.HMI_FIT201.Pv, 2.425528, 30/6/2015 6:16:10 PM, False, Not Annotated, False
D8CF2232, SWAT_SUTD:RSLinx Enterprise:P2.HMI_FIT201.Pv, 2.426938, 30/6/2015 6:16:11 PM, False, Not Annotated, False
D8CF2232, SWAT_SUTD:RSLinx Enterprise:P2.HMI_FIT201.Pv, 2.426938, 30/6/2015 6:16:12 PM, False, Not Annotated, False
D8CF2232, SWAT_SUTD:RSLinx Enterprise:P2.HMI_FIT201.Pv, 2.426938, 30/6/2015 6:16:13 PM, False, Not Annotated, False
D8CF2232, SWAT_SUTD:RSLinx Enterprise:P2.HMI_FIT201.Pv, 2.426938, 30/6/2015 6:16:14 PM, False, Not Annotated, False
D8CF2232, SWAT_SUTD:RSLinx Enterprise:P2.HMI_FIT201.Pv, 2.426938, 30/6/2015 6:16:15 PM, False, Not Annotated, False
D8CF2232, SWAT_SUTD:RSLinx Enterprise:P2.HMI_FIT201.Pv, 2.427706, 30/6/2015 6:16:16 PM, False, Not Annotated, False
D8CF2232, SWAT_SUTD:RSLinx Enterprise:P2.HMI_FIT201.Pv, 2.427706, 30/6/2015 6:16:17 PM, False, Not Annotated, False
D8CF2232, SWAT_SUTD:RSLinx Enterprise:P2.HMI_FIT201.Pv, 2.427706, 30/6/2015 6:16:18 PM, False, Not Annotated, False
D8CF2232, SWAT_SUTD:RSLinx Enterprise:P2.HMI_FIT201.Pv, 2.429116, 30/6/2015 6:16:19 PM, False, Not Annotated, False
D8CF2232, SWAT_SUTD:RSLinx Enterprise:P2.HMI_FIT201.Pv, 2.429116, 30/6/2015 6:16:20 PM, False, Not Annotated, False
D8CF2232, SWAT_SUTD:RSLinx Enterprise:P2.HMI_FIT201.Pv, 2.429116, 30/6/2015 6:16:21 PM, False, Not Annotated, False
D8CF2232, SWAT_SUTD:RSLinx Enterprise:P2.HMI_FIT201.Pv, 2.431038, 30/6/2015 6:16:22 PM, False, Not Annotated, False
D8CF2232, SWAT_SUTD:RSLinx Enterprise:P2.HMI_FIT201.Pv, 2.429757, 30/6/2015 6:16:23 PM, False, Not Annotated, False
D8CF2232, SWAT_SUTD:RSLinx Enterprise:P2.HMI_FIT201.Pv, 2.428475, 30/6/2015 6:16:24 PM, False, Not Annotated, False
D8CF2232, SWAT_SUTD:RSLinx Enterprise:P2.HMI_FIT201.Pv, 2.427835, 30/6/2015 6:16:25 PM, False, Not Annotated, False
D8CF2232, SWAT_SUTD:RSLinx Enterprise:P2.HMI_FIT201.Pv, 2.424887, 30/6/2015 6:16:26 PM, False, Not Annotated, False
D8CF2232, SWAT_SUTD:RSLinx Enterprise:P2.HMI_FIT201.Pv, 2.424887, 30/6/2015 6:16:27 PM, False, Not Annotated, False
D8CF2232, SWAT_SUTD:RSLinx Enterprise:P2.HMI_FIT201.Pv, 2.424887, 30/6/2015 6:16:28 PM, False, Not Annotated, False
D8CF2232, SWAT_SUTD:RSLinx Enterprise:P2.HMI_FIT201.Pv, 2.424246, 30/6/2015 6:16:29 PM, False, Not Annotated, False
D8CF2232, SWAT_SUTD:RSLinx Enterprise:P2.HMI_FIT201.Pv, 2.422709, 30/6/2015 6:16:30 PM, False, Not Annotated, False
D8CF2232, SWAT_SUTD:RSLinx Enterprise:P2.HMI_FIT201.Pv, 2.422709, 30/6/2015 6:16:31 PM, False, Not Annotated, False
D8CF2232, SWAT_SUTD:RSLinx Enterprise:P2.HMI_FIT201.Pv, 2.423862, 30/6/2015 6:16:32 PM, False, Not Annotated, False
D8CF2232, SWAT_SUTD:RSLinx Enterprise:P2.HMI_FIT201.Pv, 2.426425, 30/6/2015 6:16:33 PM, False, Not Annotated, False
D8CF2232, SWAT_SUTD:RSLinx Enterprise:P2.HMI_FIT201.Pv, 2.426809, 30/6/2015 6:16:34 PM, False, Not Annotated, False
D8CF2232, SWAT_SUTD:RSLinx Enterprise:P2.HMI_FIT201.Pv, 2.426809, 30/6/2015 6:16:35 PM, False, Not Annotated, False
D8CF2232, SWAT_SUTD:RSLinx Enterprise:P2.HMI_FIT201.Pv, 2.426809, 30/6/2015 6:16:36 PM, False, Not Annotated, False
D8CF2232, SWAT_SUTD:RSLinx Enterprise:P2.HMI_FIT201.Pv, 2.426553, 30/6/2015 6:16:37 PM, False, Not Annotated, False
D8CF2232, SWAT_SUTD:RSLinx Enterprise:P2.HMI_FIT201.Pv, 2.426553, 30/6/2015 6:16:38 PM, False, Not Annotated, False
D8CF2232, SWAT_SUTD:RSLinx Enterprise:P2.HMI_FIT201.Pv, 2.426553, 30/6/2015 6:16:39 PM, False, Not Annotated, False
D8CF2232, SWAT_SUTD:RSLinx Enterprise:P2.HMI_FIT201.Pv, 2.427835, 30/6/2015 6:16:40 PM, False, Not Annotated, False
D8CF2232, SWAT_SUTD:RSLinx Enterprise:P2.HMI_FIT201.Pv, 2.427835, 30/6/2015 6:16:41 PM, False, Not Annotated, False
D8CF2232, SWAT_SUTD:RSLinx Enterprise:P2.HMI_FIT201.Pv, 2.427835, 30/6/2015 6:16:42 PM, False, Not Annotated, False
D8CF2232, SWAT_SUTD:RSLinx Enterprise:P2.HMI_FIT201.Pv, 2.427835, 30/6/2015 6:16:43 PM, False, Not Annotated, False
D8CF2232, SWAT_SUTD:RSLinx Enterprise:P2.HMI_FIT201.Pv, 2.427835, 30/6/2015 6:16:44 PM, False, Not Annotated, False
D8CF2232, SWAT_SUTD:RSLinx Enterprise:P2.HMI_FIT201.Pv, 2.430269, 30/6/2015 6:16:45 PM, False, Not Annotated, False
D8CF2232, SWAT_SUTD:RSLinx Enterprise:P2.HMI_FIT201.Pv, 2.42886, 30/6/2015 6:16:46 PM, False, Not Annotated, False
D8CF2232, SWAT_SUTD:RSLinx Enterprise:P2.HMI_FIT201.Pv, 2.42886, 30/6/2015 6:16:47 PM, False, Not Annotated, False
D8CF2232, SWAT_SUTD:RSLinx Enterprise:P2.HMI_FIT201.Pv, 2.42886, 30/6/2015 6:16:48 PM, False, Not Annotated, False
D8CF2232, SWAT_SUTD:RSLinx Enterprise:P2.HMI_FIT201.Pv, 2.431551, 30/6/2015 6:16:49 PM, False, Not Annotated, False
D8CF2232, SWAT_SUTD:RSLinx Enterprise:P2.HMI_FIT201.Pv, 2.431551, 30/6/2015 6:16:50 PM, False, Not Annotated, False
D8CF2232, SWAT_SUTD:RSLinx Enterprise:P2.HMI_FIT201.Pv, 2.430013, 30/6/2015 6:16:51 PM, False, Not Annotated, False
D8CF2232, SWAT_SUTD:RSLinx Enterprise:P2.HMI_FIT201.Pv, 2.428219, 30/6/2015 6:16:52 PM, False, Not Annotated, False
D8CF2232, SWAT_SUTD:RSLinx Enterprise:P2.HMI_FIT201.Pv, 2.425912, 30/6/2015 6:16:53 PM, False, Not Annotated, False
D8CF2232, SWAT_SUTD:RSLinx Enterprise:P2.HMI_FIT201.Pv, 2.425015, 30/6/2015 6:16:54 PM, False, Not Annotated, False
D8CF2232, SWAT_SUTD:RSLinx Enterprise:P2.HMI_FIT201.Pv, 2.423862, 30/6/2015 6:16:55 PM, False, Not Annotated, False
D8CF2232, SWAT_SUTD:RSLinx Enterprise:P2.HMI_FIT201.Pv, 2.422965, 30/6/2015 6:16:56 PM, False, Not Annotated, False
D8CF2232, SWAT_SUTD:RSLinx Enterprise:P2.HMI_FIT201.Pv, 2.422965, 30/6/2015 6:16:57 PM, False, Not Annotated, False
D8CF2232, SWAT_SUTD:RSLinx Enterprise:P2.HMI_FIT201.Pv, 2.423606, 30/6/2015 6:16:58 PM, False, Not Annotated, False
D8CF2232, SWAT_SUTD:RSLinx Enterprise:P2.HMI_FIT201.Pv, 2.423606, 30/6/2015 6:16:59 PM, False, Not Annotated, False
D8CF2232, SWAT_SUTD:RSLinx Enterprise:P2.HMI_FIT201.Pv, 2.423862, 30/6/2015 6:17:00 PM, False, Not Annotated, False
D8CF2232, SWAT_SUTD:RSLinx Enterprise:P2.HMI_FIT201.Pv, 2.423862, 30/6/2015 6:17:01 PM, False, Not Annotated, False
D8CF2232, SWAT_SUTD:RSLinx Enterprise:P2.HMI_FIT201.Pv, 2.429116, 30/6/2015 6:17:02 PM, False, Not Annotated, False
D8CF2232, SWAT_SUTD:RSLinx Enterprise:P2.HMI_FIT201.Pv, 2.429116, 30/6/2015 6:17:03 PM, False, Not Annotated, False
D8CF2232, SWAT_SUTD:RSLinx Enterprise:P2.HMI_FIT201.Pv, 2.429116, 30/6/2015 6:17:04 PM, False, Not Annotated, False
D8CF2232, SWAT_SUTD:RSLinx Enterprise:P2.HMI_FIT201.Pv, 2.429116, 30/6/2015 6:17:05 PM, False, Not Annotated, False
D8CF2232, SWAT_SUTD:RSLinx Enterprise:P2.HMI_FIT201.Pv, 2.428091, 30/6/2015 6:17:06 PM, False, Not Annotated, False
D8CF2232, SWAT_SUTD:RSLinx Enterprise:P2.HMI_FIT201.Pv, 2.427835, 30/6/2015 6:17:07 PM, False, Not Annotated, False
D8CF2232, SWAT_SUTD:RSLinx Enterprise:P2.HMI_FIT201.Pv, 2.430013, 30/6/2015 6:17:08 PM, False, Not Annotated, False
D8CF2232, SWAT_SUTD:RSLinx Enterprise:P2.HMI_FIT201.Pv, 2.432704, 30/6/2015 6:17:09 PM, False, Not Annotated, False
D8CF2232, SWAT_SUTD:RSLinx Enterprise:P2.HMI_FIT201.Pv, 2.432704, 30/6/2015 6:17:10 PM, False, Not Annotated, False
D8CF2232, SWAT_SUTD:RSLinx Enterprise:P2.HMI_FIT201.Pv, 2.432704, 30/6/2015 6:17:11 PM, False, Not Annotated, False
D8CF2232, SWAT_SUTD:RSLinx Enterprise:P2.HMI_FIT201.Pv, 2.430013, 30/6/2015 6:17:12 PM, False, Not Annotated, False
D8CF2232, SWAT_SUTD:RSLinx Enterprise:P2.HMI_FIT201.Pv, 2.427706, 30/6/2015 6:17:13 PM, False, Not Annotated, False
D8CF2232, SWAT_SUTD:RSLinx Enterprise:P2.HMI_FIT201.Pv, 2.427706, 30/6/2015 6:17:14 PM, False, Not Annotated, False
D8CF2232, SWAT_SUTD:RSLinx Enterprise:P2.HMI_FIT201.Pv, 2.427706, 30/6/2015 6:17:15 PM, False, Not Annotated, False
D8CF2232, SWAT_SUTD:RSLinx Enterprise:P2.HMI_FIT201.Pv, 2.426553, 30/6/2015 6:17:16 PM, False, Not Annotated, False
D8CF2232, SWAT_SUTD:RSLinx Enterprise:P2.HMI_FIT201.Pv, 2.426553, 30/6/2015 6:17:17 PM, False, Not Annotated, False
D8CF2232, SWAT_SUTD:RSLinx Enterprise:P2.HMI_FIT201.Pv, 2.424887, 30/6/2015 6:17:18 PM, False, Not Annotated, False
D8CF2232, SWAT_SUTD:RSLinx Enterprise:P2.HMI_FIT201.Pv, 2.424887, 30/6/2015 6:17:19 PM, False, Not Annotated, False
D8CF2232, SWAT_SUTD:RSLinx Enterprise:P2.HMI_FIT201.Pv, 2.424887, 30/6/2015 6:17:20 PM, False, Not Annotated, False
D8CF2232, SWAT_SUTD:RSLinx Enterprise:P2.HMI_FIT201.Pv, 2.424503, 30/6/2015 6:17:21 PM, False, Not Annotated, False
D8CF2232, SWAT_SUTD:RSLinx Enterprise:P2.HMI_FIT201.Pv, 2.424503, 30/6/2015 6:17:22 PM, False, Not Annotated, False
D8CF2232, SWAT_SUTD:RSLinx Enterprise:P2.HMI_FIT201.Pv, 2.426553, 30/6/2015 6:17:23 PM, False, Not Annotated, False
D8CF2232, SWAT_SUTD:RSLinx Enterprise:P2.HMI_FIT201.Pv, 2.426553, 30/6/2015 6:17:24 PM, False, Not Annotated, False
D8CF2232, SWAT_SUTD:RSLinx Enterprise:P2.HMI_FIT201.Pv, 2.426553, 30/6/2015 6:17:25 PM, False, Not Annotated, False
D8CF2232, SWAT_SUTD:RSLinx Enterprise:P2.HMI_FIT201.Pv, 2.426553, 30/6/2015 6:17:26 PM, False, Not Annotated, False
D8CF2232, SWAT_SUTD:RSLinx Enterprise:P2.HMI_FIT201.Pv, 2.426553, 30/6/2015 6:17:27 PM, False, Not Annotated, False
D8CF2232, SWAT_SUTD:RSLinx Enterprise:P2.HMI_FIT201.Pv, 2.426553, 30/6/2015 6:17:28 PM, False, Not Annotated, False
D8CF2232, SWAT_SUTD:RSLinx Enterprise:P2.HMI_FIT201.Pv, 2.426553, 30/6/2015 6:17:29 PM, False, Not Annotated, False
D8CF2232, SWAT_SUTD:RSLinx Enterprise:P2.HMI_FIT201.Pv, 2.425912, 30/6/2015 6:17:30 PM, False, Not Annotated, False
D8CF2232, SWAT_SUTD:RSLinx Enterprise:P2.HMI_FIT201.Pv, 2.423093, 30/6/2015 6:17:31 PM, False, Not Annotated, False
D8CF2232, SWAT_SUTD:RSLinx Enterprise:P2.HMI_FIT201.Pv, 2.423093, 30/6/2015 6:17:32 PM, False, Not Annotated, False
D8CF2232, SWAT_SUTD:RSLinx Enterprise:P2.HMI_FIT201.Pv, 2.421811, 30/6/2015 6:17:33 PM, False, Not Annotated, False
D8CF2232, SWAT_SUTD:RSLinx Enterprise:P2.HMI_FIT201.Pv, 2.420017, 30/6/2015 6:17:34 PM, False, Not Annotated, False
D8CF2232, SWAT_SUTD:RSLinx Enterprise:P2.HMI_FIT201.Pv, 2.420017, 30/6/2015 6:17:35 PM, False, Not Annotated, False
D8CF2232, SWAT_SUTD:RSLinx Enterprise:P2.HMI_FIT201.Pv, 2.420017, 30/6/2015 6:17:36 PM, False, Not Annotated, False
D8CF2232, SWAT_SUTD:RSLinx Enterprise:P2.HMI_FIT201.Pv, 2.421299, 30/6/2015 6:17:37 PM, False, Not Annotated, False
D8CF2232, SWAT_SUTD:RSLinx Enterprise:P2.HMI_FIT201.Pv, 2.423093, 30/6/2015 6:17:38 PM, False, Not Annotated, False
D8CF2232, SWAT_SUTD:RSLinx Enterprise:P2.HMI_FIT201.Pv, 2.424375, 30/6/2015 6:17:39 PM, False, Not Annotated, False
D8CF2232, SWAT_SUTD:RSLinx Enterprise:P2.HMI_FIT201.Pv, 2.424375, 30/6/2015 6:17:40 PM, False, Not Annotated, False
D8CF2232, SWAT_SUTD:RSLinx Enterprise:P2.HMI_FIT201.Pv, 2.425528, 30/6/2015 6:17:41 PM, False, Not Annotated, False
D8CF2232, SWAT_SUTD:RSLinx Enterprise:P2.HMI_FIT201.Pv, 2.425528, 30/6/2015 6:17:42 PM, False, Not Annotated, False
D8CF2232, SWAT_SUTD:RSLinx Enterprise:P2.HMI_FIT201.Pv, 2.425528, 30/6/2015 6:17:43 PM, False, Not Annotated, False
D8CF2232, SWAT_SUTD:RSLinx Enterprise:P2.HMI_FIT201.Pv, 2.425528, 30/6/2015 6:17:44 PM, False, Not Annotated, False
D8CF2232, SWAT_SUTD:RSLinx Enterprise:P2.HMI_FIT201.Pv, 2.425528, 30/6/2015 6:17:45 PM, False, Not Annotated, False
D8CF2232, SWAT_SUTD:RSLinx Enterprise:P2.HMI_FIT201.Pv, 2.425528, 30/6/2015 6:17:46 PM, False, Not Annotated, False
D8CF2232, SWAT_SUTD:RSLinx Enterprise:P2.HMI_FIT201.Pv, 2.425528, 30/6/2015 6:17:47 PM, False, Not Annotated, False
D8CF2232, SWAT_SUTD:RSLinx Enterprise:P2.HMI_FIT201.Pv, 2.427835, 30/6/2015 6:17:48 PM, False, Not Annotated, False
D8CF2232, SWAT_SUTD:RSLinx Enterprise:P2.HMI_FIT201.Pv, 2.429757, 30/6/2015 6:17:49 PM, False, Not Annotated, False
D8CF2232, SWAT_SUTD:RSLinx Enterprise:P2.HMI_FIT201.Pv, 2.432192, 30/6/2015 6:17:50 PM, False, Not Annotated, False
D8CF2232, SWAT_SUTD:RSLinx Enterprise:P2.HMI_FIT201.Pv, 2.432192, 30/6/2015 6:17:51 PM, False, Not Annotated, False
D8CF2232, SWAT_SUTD:RSLinx Enterprise:P2.HMI_FIT201.Pv, 2.428219, 30/6/2015 6:17:52 PM, False, Not Annotated, False
D8CF2232, SWAT_SUTD:RSLinx Enterprise:P2.HMI_FIT201.Pv, 2.427835, 30/6/2015 6:17:53 PM, False, Not Annotated, False
D8CF2232, SWAT_SUTD:RSLinx Enterprise:P2.HMI_FIT201.Pv, 2.426938, 30/6/2015 6:17:54 PM, False, Not Annotated, False
D8CF2232, SWAT_SUTD:RSLinx Enterprise:P2.HMI_FIT201.Pv, 2.426938, 30/6/2015 6:17:55 PM, False, Not Annotated, False
D8CF2232, SWAT_SUTD:RSLinx Enterprise:P2.HMI_FIT201.Pv, 2.426938, 30/6/2015 6:17:56 PM, False, Not Annotated, False
D8CF2232, SWAT_SUTD:RSLinx Enterprise:P2.HMI_FIT201.Pv, 2.424631, 30/6/2015 6:17:57 PM, False, Not Annotated, False
D8CF2232, SWAT_SUTD:RSLinx Enterprise:P2.HMI_FIT201.Pv, 2.42194, 30/6/2015 6:17:58 PM, False, Not Annotated, False
D8CF2232, SWAT_SUTD:RSLinx Enterprise:P2.HMI_FIT201.Pv, 2.42194, 30/6/2015 6:17:59 PM, False, Not Annotated, False
D8CF2232, SWAT_SUTD:RSLinx Enterprise:P2.HMI_FIT201.Pv, 2.42194, 30/6/2015 6:18:00 PM, False, Not Annotated, False
D8CF2232, SWAT_SUTD:RSLinx Enterprise:P2.HMI_FIT201.Pv, 2.421299, 30/6/2015 6:18:01 PM, False, Not Annotated, False
D8CF2232, SWAT_SUTD:RSLinx Enterprise:P2.HMI_FIT201.Pv, 2.421299, 30/6/2015 6:18:02 PM, False, Not Annotated, False
D8CF2232, SWAT_SUTD:RSLinx Enterprise:P2.HMI_FIT201.Pv, 2.421299, 30/6/2015 6:18:03 PM, False, Not Annotated, False
D8CF2232, SWAT_SUTD:RSLinx Enterprise:P2.HMI_FIT201.Pv, 2.421299, 30/6/2015 6:18:04 PM, False, Not Annotated, False
D8CF2232, SWAT_SUTD:RSLinx Enterprise:P2.HMI_FIT201.Pv, 2.421299, 30/6/2015 6:18:05 PM, False, Not Annotated, False
D8CF2232, SWAT_SUTD:RSLinx Enterprise:P2.HMI_FIT201.Pv, 2.421299, 30/6/2015 6:18:06 PM, False, Not Annotated, False
D8CF2232, SWAT_SUTD:RSLinx Enterprise:P2.HMI_FIT201.Pv, 2.421299, 30/6/2015 6:18:07 PM, False, Not Annotated, False
D8CF2232, SWAT_SUTD:RSLinx Enterprise:P2.HMI_FIT201.Pv, 2.421299, 30/6/2015 6:18:08 PM, False, Not Annotated, False
D8CF2232, SWAT_SUTD:RSLinx Enterprise:P2.HMI_FIT201.Pv, 2.425528, 30/6/2015 6:18:09 PM, False, Not Annotated, False
D8CF2232, SWAT_SUTD:RSLinx Enterprise:P2.HMI_FIT201.Pv, 2.425528, 30/6/2015 6:18:10 PM, False, Not Annotated, False
D8CF2232, SWAT_SUTD:RSLinx Enterprise:P2.HMI_FIT201.Pv, 2.422965, 30/6/2015 6:18:11 PM, False, Not Annotated, False
D8CF2232, SWAT_SUTD:RSLinx Enterprise:P2.HMI_FIT201.Pv, 2.422965, 30/6/2015 6:18:12 PM, False, Not Annotated, False
D8CF2232, SWAT_SUTD:RSLinx Enterprise:P2.HMI_FIT201.Pv, 2.422965, 30/6/2015 6:18:13 PM, False, Not Annotated, False
D8CF2232, SWAT_SUTD:RSLinx Enterprise:P2.HMI_FIT201.Pv, 2.422965, 30/6/2015 6:18:14 PM, False, Not Annotated, False
D8CF2232, SWAT_SUTD:RSLinx Enterprise:P2.HMI_FIT201.Pv, 2.422324, 30/6/2015 6:18:15 PM, False, Not Annotated, False
D8CF2232, SWAT_SUTD:RSLinx Enterprise:P2.HMI_FIT201.Pv, 2.421427, 30/6/2015 6:18:16 PM, False, Not Annotated, False
D8CF2232, SWAT_SUTD:RSLinx Enterprise:P2.HMI_FIT201.Pv, 2.421427, 30/6/2015 6:18:17 PM, False, Not Annotated, False
D8CF2232, SWAT_SUTD:RSLinx Enterprise:P2.HMI_FIT201.Pv, 2.421427, 30/6/2015 6:18:18 PM, False, Not Annotated, False
D8CF2232, SWAT_SUTD:RSLinx Enterprise:P2.HMI_FIT201.Pv, 2.421427, 30/6/2015 6:18:19 PM, False, Not Annotated, False
D8CF2232, SWAT_SUTD:RSLinx Enterprise:P2.HMI_FIT201.Pv, 2.421427, 30/6/2015 6:18:20 PM, False, Not Annotated, False
D8CF2232, SWAT_SUTD:RSLinx Enterprise:P2.HMI_FIT201.Pv, 2.421427, 30/6/2015 6:18:21 PM, False, Not Annotated, False
D8CF2232, SWAT_SUTD:RSLinx Enterprise:P2.HMI_FIT201.Pv, 2.421427, 30/6/2015 6:18:22 PM, False, Not Annotated, False
D8CF2232, SWAT_SUTD:RSLinx Enterprise:P2.HMI_FIT201.Pv, 2.421427, 30/6/2015 6:18:23 PM, False, Not Annotated, False
D8CF2232, SWAT_SUTD:RSLinx Enterprise:P2.HMI_FIT201.Pv, 2.421811, 30/6/2015 6:18:24 PM, False, Not Annotated, False
D8CF2232, SWAT_SUTD:RSLinx Enterprise:P2.HMI_FIT201.Pv, 2.42194, 30/6/2015 6:18:25 PM, False, Not Annotated, False
D8CF2232, SWAT_SUTD:RSLinx Enterprise:P2.HMI_FIT201.Pv, 2.42194, 30/6/2015 6:18:26 PM, False, Not Annotated, False
D8CF2232, SWAT_SUTD:RSLinx Enterprise:P2.HMI_FIT201.Pv, 2.42194, 30/6/2015 6:18:27 PM, False, Not Annotated, False
D8CF2232, SWAT_SUTD:RSLinx Enterprise:P2.HMI_FIT201.Pv, 2.421042, 30/6/2015 6:18:28 PM, False, Not Annotated, False
D8CF2232, SWAT_SUTD:RSLinx Enterprise:P2.HMI_FIT201.Pv, 2.421042, 30/6/2015 6:18:29 PM, False, Not Annotated, False
D8CF2232, SWAT_SUTD:RSLinx Enterprise:P2.HMI_FIT201.Pv, 2.421042, 30/6/2015 6:18:30 PM, False, Not Annotated, False
D8CF2232, SWAT_SUTD:RSLinx Enterprise:P2.HMI_FIT201.Pv, 2.421042, 30/6/2015 6:18:31 PM, False, Not Annotated, False
D8CF2232, SWAT_SUTD:RSLinx Enterprise:P2.HMI_FIT201.Pv, 2.421042, 30/6/2015 6:18:32 PM, False, Not Annotated, False
D8CF2232, SWAT_SUTD:RSLinx Enterprise:P2.HMI_FIT201.Pv, 2.422965, 30/6/2015 6:18:33 PM, False, Not Annotated, False
D8CF2232, SWAT_SUTD:RSLinx Enterprise:P2.HMI_FIT201.Pv, 2.422965, 30/6/2015 6:18:34 PM, False, Not Annotated, False
D8CF2232, SWAT_SUTD:RSLinx Enterprise:P2.HMI_FIT201.Pv, 2.422965, 30/6/2015 6:18:35 PM, False, Not Annotated, False
D8CF2232, SWAT_SUTD:RSLinx Enterprise:P2.HMI_FIT201.Pv, 2.422965, 30/6/2015 6:18:36 PM, False, Not Annotated, False
D8CF2232, SWAT_SUTD:RSLinx Enterprise:P2.HMI_FIT201.Pv, 2.425784, 30/6/2015 6:18:37 PM, False, Not Annotated, False
D8CF2232, SWAT_SUTD:RSLinx Enterprise:P2.HMI_FIT201.Pv, 2.426553, 30/6/2015 6:18:38 PM, False, Not Annotated, False
D8CF2232, SWAT_SUTD:RSLinx Enterprise:P2.HMI_FIT201.Pv, 2.426938, 30/6/2015 6:18:39 PM, False, Not Annotated, False
D8CF2232, SWAT_SUTD:RSLinx Enterprise:P2.HMI_FIT201.Pv, 2.427194, 30/6/2015 6:18:40 PM, False, Not Annotated, False
D8CF2232, SWAT_SUTD:RSLinx Enterprise:P2.HMI_FIT201.Pv, 2.427194, 30/6/2015 6:18:41 PM, False, Not Annotated, False
D8CF2232, SWAT_SUTD:RSLinx Enterprise:P2.HMI_FIT201.Pv, 2.427194, 30/6/2015 6:18:42 PM, False, Not Annotated, False
D8CF2232, SWAT_SUTD:RSLinx Enterprise:P2.HMI_FIT201.Pv, 2.427194, 30/6/2015 6:18:43 PM, False, Not Annotated, False
D8CF2232, SWAT_SUTD:RSLinx Enterprise:P2.HMI_FIT201.Pv, 2.424246, 30/6/2015 6:18:44 PM, False, Not Annotated, False
D8CF2232, SWAT_SUTD:RSLinx Enterprise:P2.HMI_FIT201.Pv, 2.421683, 30/6/2015 6:18:45 PM, False, Not Annotated, False
D8CF2232, SWAT_SUTD:RSLinx Enterprise:P2.HMI_FIT201.Pv, 2.418479, 30/6/2015 6:18:46 PM, False, Not Annotated, False
D8CF2232, SWAT_SUTD:RSLinx Enterprise:P2.HMI_FIT201.Pv, 2.416557, 30/6/2015 6:18:47 PM, False, Not Annotated, False
D8CF2232, SWAT_SUTD:RSLinx Enterprise:P2.HMI_FIT201.Pv, 2.415404, 30/6/2015 6:18:48 PM, False, Not Annotated, False
D8CF2232, SWAT_SUTD:RSLinx Enterprise:P2.HMI_FIT201.Pv, 2.415404, 30/6/2015 6:18:49 PM, False, Not Annotated, False
D8CF2232, SWAT_SUTD:RSLinx Enterprise:P2.HMI_FIT201.Pv, 2.415404, 30/6/2015 6:18:50 PM, False, Not Annotated, False
D8CF2232, SWAT_SUTD:RSLinx Enterprise:P2.HMI_FIT201.Pv, 2.416301, 30/6/2015 6:18:51 PM, False, Not Annotated, False
D8CF2232, SWAT_SUTD:RSLinx Enterprise:P2.HMI_FIT201.Pv, 2.418223, 30/6/2015 6:18:52 PM, False, Not Annotated, False
D8CF2232, SWAT_SUTD:RSLinx Enterprise:P2.HMI_FIT201.Pv, 2.420017, 30/6/2015 6:18:53 PM, False, Not Annotated, False
D8CF2232, SWAT_SUTD:RSLinx Enterprise:P2.HMI_FIT201.Pv, 2.421427, 30/6/2015 6:18:54 PM, False, Not Annotated, False
D8CF2232, SWAT_SUTD:RSLinx Enterprise:P2.HMI_FIT201.Pv, 2.421427, 30/6/2015 6:18:55 PM, False, Not Annotated, False
D8CF2232, SWAT_SUTD:RSLinx Enterprise:P2.HMI_FIT201.Pv, 2.42399, 30/6/2015 6:18:56 PM, False, Not Annotated, False
D8CF2232, SWAT_SUTD:RSLinx Enterprise:P2.HMI_FIT201.Pv, 2.424375, 30/6/2015 6:18:57 PM, False, Not Annotated, False
D8CF2232, SWAT_SUTD:RSLinx Enterprise:P2.HMI_FIT201.Pv, 2.425272, 30/6/2015 6:18:58 PM, False, Not Annotated, False
D8CF2232, SWAT_SUTD:RSLinx Enterprise:P2.HMI_FIT201.Pv, 2.427194, 30/6/2015 6:18:59 PM, False, Not Annotated, False
D8CF2232, SWAT_SUTD:RSLinx Enterprise:P2.HMI_FIT201.Pv, 2.427194, 30/6/2015 6:19:00 PM, False, Not Annotated, False
D8CF2232, SWAT_SUTD:RSLinx Enterprise:P2.HMI_FIT201.Pv, 2.427194, 30/6/2015 6:19:01 PM, False, Not Annotated, False
D8CF2232, SWAT_SUTD:RSLinx Enterprise:P2.HMI_FIT201.Pv, 2.427194, 30/6/2015 6:19:02 PM, False, Not Annotated, False
D8CF2232, SWAT_SUTD:RSLinx Enterprise:P2.HMI_FIT201.Pv, 2.427194, 30/6/2015 6:19:03 PM, False, Not Annotated, False
D8CF2232, SWAT_SUTD:RSLinx Enterprise:P2.HMI_FIT201.Pv, 2.426169, 30/6/2015 6:19:04 PM, False, Not Annotated, False
D8CF2232, SWAT_SUTD:RSLinx Enterprise:P2.HMI_FIT201.Pv, 2.425272, 30/6/2015 6:19:05 PM, False, Not Annotated, False
D8CF2232, SWAT_SUTD:RSLinx Enterprise:P2.HMI_FIT201.Pv, 2.421171, 30/6/2015 6:19:06 PM, False, Not Annotated, False
D8CF2232, SWAT_SUTD:RSLinx Enterprise:P2.HMI_FIT201.Pv, 2.421171, 30/6/2015 6:19:07 PM, False, Not Annotated, False
D8CF2232, SWAT_SUTD:RSLinx Enterprise:P2.HMI_FIT201.Pv, 2.421171, 30/6/2015 6:19:08 PM, False, Not Annotated, False
D8CF2232, SWAT_SUTD:RSLinx Enterprise:P2.HMI_FIT201.Pv, 2.421171, 30/6/2015 6:19:09 PM, False, Not Annotated, False
D8CF2232, SWAT_SUTD:RSLinx Enterprise:P2.HMI_FIT201.Pv, 2.421171, 30/6/2015 6:19:10 PM, False, Not Annotated, False
D8CF2232, SWAT_SUTD:RSLinx Enterprise:P2.HMI_FIT201.Pv, 2.421171, 30/6/2015 6:19:11 PM, False, Not Annotated, False
D8CF2232, SWAT_SUTD:RSLinx Enterprise:P2.HMI_FIT201.Pv, 2.421171, 30/6/2015 6:19:12 PM, False, Not Annotated, False
D8CF2232, SWAT_SUTD:RSLinx Enterprise:P2.HMI_FIT201.Pv, 2.421171, 30/6/2015 6:19:13 PM, False, Not Annotated, False
D8CF2232, SWAT_SUTD:RSLinx Enterprise:P2.HMI_FIT201.Pv, 2.421171, 30/6/2015 6:19:14 PM, False, Not Annotated, False
D8CF2232, SWAT_SUTD:RSLinx Enterprise:P2.HMI_FIT201.Pv, 2.421171, 30/6/2015 6:19:15 PM, False, Not Annotated, False
D8CF2232, SWAT_SUTD:RSLinx Enterprise:P2.HMI_FIT201.Pv, 2.421171, 30/6/2015 6:19:16 PM, False, Not Annotated, False
D8CF2232, SWAT_SUTD:RSLinx Enterprise:P2.HMI_FIT201.Pv, 2.418223, 30/6/2015 6:19:17 PM, False, Not Annotated, False
D8CF2232, SWAT_SUTD:RSLinx Enterprise:P2.HMI_FIT201.Pv, 2.418223, 30/6/2015 6:19:18 PM, False, Not Annotated, False
D8CF2232, SWAT_SUTD:RSLinx Enterprise:P2.HMI_FIT201.Pv, 2.418223, 30/6/2015 6:19:19 PM, False, Not Annotated, False
D8CF2232, SWAT_SUTD:RSLinx Enterprise:P2.HMI_FIT201.Pv, 2.419248, 30/6/2015 6:19:20 PM, False, Not Annotated, False
D8CF2232, SWAT_SUTD:RSLinx Enterprise:P2.HMI_FIT201.Pv, 2.420658, 30/6/2015 6:19:21 PM, False, Not Annotated, False
D8CF2232, SWAT_SUTD:RSLinx Enterprise:P2.HMI_FIT201.Pv, 2.419761, 30/6/2015 6:19:22 PM, False, Not Annotated, False
D8CF2232, SWAT_SUTD:RSLinx Enterprise:P2.HMI_FIT201.Pv, 2.418864, 30/6/2015 6:19:23 PM, False, Not Annotated, False
D8CF2232, SWAT_SUTD:RSLinx Enterprise:P2.HMI_FIT201.Pv, 2.421683, 30/6/2015 6:19:24 PM, False, Not Annotated, False
D8CF2232, SWAT_SUTD:RSLinx Enterprise:P2.HMI_FIT201.Pv, 2.421811, 30/6/2015 6:19:25 PM, False, Not Annotated, False
D8CF2232, SWAT_SUTD:RSLinx Enterprise:P2.HMI_FIT201.Pv, 2.421811, 30/6/2015 6:19:26 PM, False, Not Annotated, False
D8CF2232, SWAT_SUTD:RSLinx Enterprise:P2.HMI_FIT201.Pv, 2.421811, 30/6/2015 6:19:27 PM, False, Not Annotated, False
D8CF2232, SWAT_SUTD:RSLinx Enterprise:P2.HMI_FIT201.Pv, 2.421811, 30/6/2015 6:19:28 PM, False, Not Annotated, False
D8CF2232, SWAT_SUTD:RSLinx Enterprise:P2.HMI_FIT201.Pv, 2.421811, 30/6/2015 6:19:29 PM, False, Not Annotated, False
D8CF2232, SWAT_SUTD:RSLinx Enterprise:P2.HMI_FIT201.Pv, 2.425656, 30/6/2015 6:19:30 PM, False, Not Annotated, False
D8CF2232, SWAT_SUTD:RSLinx Enterprise:P2.HMI_FIT201.Pv, 2.426553, 30/6/2015 6:19:31 PM, False, Not Annotated, False
D8CF2232, SWAT_SUTD:RSLinx Enterprise:P2.HMI_FIT201.Pv, 2.421811, 30/6/2015 6:19:32 PM, False, Not Annotated, False
D8CF2232, SWAT_SUTD:RSLinx Enterprise:P2.HMI_FIT201.Pv, 2.421811, 30/6/2015 6:19:33 PM, False, Not Annotated, False
D8CF2232, SWAT_SUTD:RSLinx Enterprise:P2.HMI_FIT201.Pv, 2.421811, 30/6/2015 6:19:34 PM, False, Not Annotated, False
D8CF2232, SWAT_SUTD:RSLinx Enterprise:P2.HMI_FIT201.Pv, 2.421811, 30/6/2015 6:19:35 PM, False, Not Annotated, False
D8CF2232, SWAT_SUTD:RSLinx Enterprise:P2.HMI_FIT201.Pv, 2.421811, 30/6/2015 6:19:36 PM, False, Not Annotated, False
D8CF2232, SWAT_SUTD:RSLinx Enterprise:P2.HMI_FIT201.Pv, 2.421811, 30/6/2015 6:19:37 PM, False, Not Annotated, False
D8CF2232, SWAT_SUTD:RSLinx Enterprise:P2.HMI_FIT201.Pv, 2.421811, 30/6/2015 6:19:38 PM, False, Not Annotated, False
D8CF2232, SWAT_SUTD:RSLinx Enterprise:P2.HMI_FIT201.Pv, 2.421811, 30/6/2015 6:19:39 PM, False, Not Annotated, False
D8CF2232, SWAT_SUTD:RSLinx Enterprise:P2.HMI_FIT201.Pv, 2.421427, 30/6/2015 6:19:40 PM, False, Not Annotated, False
D8CF2232, SWAT_SUTD:RSLinx Enterprise:P2.HMI_FIT201.Pv, 2.420658, 30/6/2015 6:19:41 PM, False, Not Annotated, False
D8CF2232, SWAT_SUTD:RSLinx Enterprise:P2.HMI_FIT201.Pv, 2.423862, 30/6/2015 6:19:42 PM, False, Not Annotated, False
D8CF2232, SWAT_SUTD:RSLinx Enterprise:P2.HMI_FIT201.Pv, 2.425912, 30/6/2015 6:19:43 PM, False, Not Annotated, False
D8CF2232, SWAT_SUTD:RSLinx Enterprise:P2.HMI_FIT201.Pv, 2.425912, 30/6/2015 6:19:44 PM, False, Not Annotated, False
D8CF2232, SWAT_SUTD:RSLinx Enterprise:P2.HMI_FIT201.Pv, 2.425272, 30/6/2015 6:19:45 PM, False, Not Annotated, False
D8CF2232, SWAT_SUTD:RSLinx Enterprise:P2.HMI_FIT201.Pv, 2.424503, 30/6/2015 6:19:46 PM, False, Not Annotated, False
D8CF2232, SWAT_SUTD:RSLinx Enterprise:P2.HMI_FIT201.Pv, 2.42399, 30/6/2015 6:19:47 PM, False, Not Annotated, False
D8CF2232, SWAT_SUTD:RSLinx Enterprise:P2.HMI_FIT201.Pv, 2.42399, 30/6/2015 6:19:48 PM, False, Not Annotated, False
D8CF2232, SWAT_SUTD:RSLinx Enterprise:P2.HMI_FIT201.Pv, 2.42399, 30/6/2015 6:19:49 PM, False, Not Annotated, False
D8CF2232, SWAT_SUTD:RSLinx Enterprise:P2.HMI_FIT201.Pv, 2.42399, 30/6/2015 6:19:50 PM, False, Not Annotated, False
D8CF2232, SWAT_SUTD:RSLinx Enterprise:P2.HMI_FIT201.Pv, 2.42399, 30/6/2015 6:19:51 PM, False, Not Annotated, False
D8CF2232, SWAT_SUTD:RSLinx Enterprise:P2.HMI_FIT201.Pv, 2.423093, 30/6/2015 6:19:52 PM, False, Not Annotated, False
D8CF2232, SWAT_SUTD:RSLinx Enterprise:P2.HMI_FIT201.Pv, 2.423093, 30/6/2015 6:19:53 PM, False, Not Annotated, False
D8CF2232, SWAT_SUTD:RSLinx Enterprise:P2.HMI_FIT201.Pv, 2.423093, 30/6/2015 6:19:54 PM, False, Not Annotated, False
D8CF2232, SWAT_SUTD:RSLinx Enterprise:P2.HMI_FIT201.Pv, 2.424887, 30/6/2015 6:19:55 PM, False, Not Annotated, False
D8CF2232, SWAT_SUTD:RSLinx Enterprise:P2.HMI_FIT201.Pv, 2.422965, 30/6/2015 6:19:56 PM, False, Not Annotated, False
D8CF2232, SWAT_SUTD:RSLinx Enterprise:P2.HMI_FIT201.Pv, 2.421299, 30/6/2015 6:19:57 PM, False, Not Annotated, False
D8CF2232, SWAT_SUTD:RSLinx Enterprise:P2.HMI_FIT201.Pv, 2.421299, 30/6/2015 6:19:58 PM, False, Not Annotated, False
D8CF2232, SWAT_SUTD:RSLinx Enterprise:P2.HMI_FIT201.Pv, 2.421299, 30/6/2015 6:19:59 PM, False, Not Annotated, False
D8CF2232, SWAT_SUTD:RSLinx Enterprise:P2.HMI_FIT201.Pv, 2.421299, 30/6/2015 6:20:00 PM, False, Not Annotated, False
D8CF2232, SWAT_SUTD:RSLinx Enterprise:P2.HMI_FIT201.Pv, 2.421171, 30/6/2015 6:20:01 PM, False, Not Annotated, False
D8CF2232, SWAT_SUTD:RSLinx Enterprise:P2.HMI_FIT201.Pv, 2.420017, 30/6/2015 6:20:02 PM, False, Not Annotated, False
D8CF2232, SWAT_SUTD:RSLinx Enterprise:P2.HMI_FIT201.Pv, 2.420017, 30/6/2015 6:20:03 PM, False, Not Annotated, False
D8CF2232, SWAT_SUTD:RSLinx Enterprise:P2.HMI_FIT201.Pv, 2.422068, 30/6/2015 6:20:04 PM, False, Not Annotated, False
D8CF2232, SWAT_SUTD:RSLinx Enterprise:P2.HMI_FIT201.Pv, 2.422452, 30/6/2015 6:20:05 PM, False, Not Annotated, False
D8CF2232, SWAT_SUTD:RSLinx Enterprise:P2.HMI_FIT201.Pv, 2.422452, 30/6/2015 6:20:06 PM, False, Not Annotated, False
D8CF2232, SWAT_SUTD:RSLinx Enterprise:P2.HMI_FIT201.Pv, 2.421171, 30/6/2015 6:20:07 PM, False, Not Annotated, False
D8CF2232, SWAT_SUTD:RSLinx Enterprise:P2.HMI_FIT201.Pv, 2.421171, 30/6/2015 6:20:08 PM, False, Not Annotated, False
D8CF2232, SWAT_SUTD:RSLinx Enterprise:P2.HMI_FIT201.Pv, 2.421171, 30/6/2015 6:20:09 PM, False, Not Annotated, False
D8CF2232, SWAT_SUTD:RSLinx Enterprise:P2.HMI_FIT201.Pv, 2.418864, 30/6/2015 6:20:10 PM, False, Not Annotated, False
D8CF2232, SWAT_SUTD:RSLinx Enterprise:P2.HMI_FIT201.Pv, 2.416814, 30/6/2015 6:20:11 PM, False, Not Annotated, False
D8CF2232, SWAT_SUTD:RSLinx Enterprise:P2.HMI_FIT201.Pv, 2.416814, 30/6/2015 6:20:12 PM, False, Not Annotated, False
D8CF2232, SWAT_SUTD:RSLinx Enterprise:P2.HMI_FIT201.Pv, 2.418479, 30/6/2015 6:20:13 PM, False, Not Annotated, False
D8CF2232, SWAT_SUTD:RSLinx Enterprise:P2.HMI_FIT201.Pv, 2.418479, 30/6/2015 6:20:14 PM, False, Not Annotated, False
D8CF2232, SWAT_SUTD:RSLinx Enterprise:P2.HMI_FIT201.Pv, 2.419377, 30/6/2015 6:20:15 PM, False, Not Annotated, False
D8CF2232, SWAT_SUTD:RSLinx Enterprise:P2.HMI_FIT201.Pv, 2.419377, 30/6/2015 6:20:16 PM, False, Not Annotated, False
D8CF2232, SWAT_SUTD:RSLinx Enterprise:P2.HMI_FIT201.Pv, 2.420146, 30/6/2015 6:20:17 PM, False, Not Annotated, False
D8CF2232, SWAT_SUTD:RSLinx Enterprise:P2.HMI_FIT201.Pv, 2.421042, 30/6/2015 6:20:18 PM, False, Not Annotated, False
D8CF2232, SWAT_SUTD:RSLinx Enterprise:P2.HMI_FIT201.Pv, 2.421042, 30/6/2015 6:20:19 PM, False, Not Annotated, False
D8CF2232, SWAT_SUTD:RSLinx Enterprise:P2.HMI_FIT201.Pv, 2.421042, 30/6/2015 6:20:20 PM, False, Not Annotated, False
D8CF2232, SWAT_SUTD:RSLinx Enterprise:P2.HMI_FIT201.Pv, 2.421042, 30/6/2015 6:20:21 PM, False, Not Annotated, False
D8CF2232, SWAT_SUTD:RSLinx Enterprise:P2.HMI_FIT201.Pv, 2.421042, 30/6/2015 6:20:22 PM, False, Not Annotated, False
D8CF2232, SWAT_SUTD:RSLinx Enterprise:P2.HMI_FIT201.Pv, 2.421042, 30/6/2015 6:20:23 PM, False, Not Annotated, False
D8CF2232, SWAT_SUTD:RSLinx Enterprise:P2.HMI_FIT201.Pv, 2.421042, 30/6/2015 6:20:24 PM, False, Not Annotated, False
D8CF2232, SWAT_SUTD:RSLinx Enterprise:P2.HMI_FIT201.Pv, 2.421042, 30/6/2015 6:20:25 PM, False, Not Annotated, False
D8CF2232, SWAT_SUTD:RSLinx Enterprise:P2.HMI_FIT201.Pv, 2.417583, 30/6/2015 6:20:26 PM, False, Not Annotated, False
D8CF2232, SWAT_SUTD:RSLinx Enterprise:P2.HMI_FIT201.Pv, 2.420658, 30/6/2015 6:20:27 PM, False, Not Annotated, False
D8CF2232, SWAT_SUTD:RSLinx Enterprise:P2.HMI_FIT201.Pv, 2.421299, 30/6/2015 6:20:28 PM, False, Not Annotated, False
D8CF2232, SWAT_SUTD:RSLinx Enterprise:P2.HMI_FIT201.Pv, 2.421299, 30/6/2015 6:20:29 PM, False, Not Annotated, False
D8CF2232, SWAT_SUTD:RSLinx Enterprise:P2.HMI_FIT201.Pv, 2.421299, 30/6/2015 6:20:30 PM, False, Not Annotated, False
D8CF2232, SWAT_SUTD:RSLinx Enterprise:P2.HMI_FIT201.Pv, 2.421299, 30/6/2015 6:20:31 PM, False, Not Annotated, False
D8CF2232, SWAT_SUTD:RSLinx Enterprise:P2.HMI_FIT201.Pv, 2.421299, 30/6/2015 6:20:32 PM, False, Not Annotated, False
D8CF2232, SWAT_SUTD:RSLinx Enterprise:P2.HMI_FIT201.Pv, 2.424375, 30/6/2015 6:20:33 PM, False, Not Annotated, False
D8CF2232, SWAT_SUTD:RSLinx Enterprise:P2.HMI_FIT201.Pv, 2.424375, 30/6/2015 6:20:34 PM, False, Not Annotated, False
D8CF2232, SWAT_SUTD:RSLinx Enterprise:P2.HMI_FIT201.Pv, 2.424375, 30/6/2015 6:20:35 PM, False, Not Annotated, False
D8CF2232, SWAT_SUTD:RSLinx Enterprise:P2.HMI_FIT201.Pv, 2.422452, 30/6/2015 6:20:36 PM, False, Not Annotated, False
D8CF2232, SWAT_SUTD:RSLinx Enterprise:P2.HMI_FIT201.Pv, 2.422452, 30/6/2015 6:20:37 PM, False, Not Annotated, False
D8CF2232, SWAT_SUTD:RSLinx Enterprise:P2.HMI_FIT201.Pv, 2.422452, 30/6/2015 6:20:38 PM, False, Not Annotated, False
D8CF2232, SWAT_SUTD:RSLinx Enterprise:P2.HMI_FIT201.Pv, 2.422452, 30/6/2015 6:20:39 PM, False, Not Annotated, False
D8CF2232, SWAT_SUTD:RSLinx Enterprise:P2.HMI_FIT201.Pv, 2.426809, 30/6/2015 6:20:40 PM, False, Not Annotated, False
D8CF2232, SWAT_SUTD:RSLinx Enterprise:P2.HMI_FIT201.Pv, 2.426809, 30/6/2015 6:20:41 PM, False, Not Annotated, False
D8CF2232, SWAT_SUTD:RSLinx Enterprise:P2.HMI_FIT201.Pv, 2.426809, 30/6/2015 6:20:42 PM, False, Not Annotated, False
D8CF2232, SWAT_SUTD:RSLinx Enterprise:P2.HMI_FIT201.Pv, 2.426809, 30/6/2015 6:20:43 PM, False, Not Annotated, False
D8CF2232, SWAT_SUTD:RSLinx Enterprise:P2.HMI_FIT201.Pv, 2.426809, 30/6/2015 6:20:44 PM, False, Not Annotated, False
D8CF2232, SWAT_SUTD:RSLinx Enterprise:P2.HMI_FIT201.Pv, 2.426809, 30/6/2015 6:20:45 PM, False, Not Annotated, False
D8CF2232, SWAT_SUTD:RSLinx Enterprise:P2.HMI_FIT201.Pv, 2.426809, 30/6/2015 6:20:46 PM, False, Not Annotated, False
D8CF2232, SWAT_SUTD:RSLinx Enterprise:P2.HMI_FIT201.Pv, 2.421042, 30/6/2015 6:20:47 PM, False, Not Annotated, False
D8CF2232, SWAT_SUTD:RSLinx Enterprise:P2.HMI_FIT201.Pv, 2.419377, 30/6/2015 6:20:48 PM, False, Not Annotated, False
D8CF2232, SWAT_SUTD:RSLinx Enterprise:P2.HMI_FIT201.Pv, 2.418736, 30/6/2015 6:20:49 PM, False, Not Annotated, False
D8CF2232, SWAT_SUTD:RSLinx Enterprise:P2.HMI_FIT201.Pv, 2.418736, 30/6/2015 6:20:50 PM, False, Not Annotated, False
D8CF2232, SWAT_SUTD:RSLinx Enterprise:P2.HMI_FIT201.Pv, 2.418736, 30/6/2015 6:20:51 PM, False, Not Annotated, False
D8CF2232, SWAT_SUTD:RSLinx Enterprise:P2.HMI_FIT201.Pv, 2.419889, 30/6/2015 6:20:52 PM, False, Not Annotated, False
D8CF2232, SWAT_SUTD:RSLinx Enterprise:P2.HMI_FIT201.Pv, 2.419889, 30/6/2015 6:20:53 PM, False, Not Annotated, False
D8CF2232, SWAT_SUTD:RSLinx Enterprise:P2.HMI_FIT201.Pv, 2.419377, 30/6/2015 6:20:54 PM, False, Not Annotated, False
D8CF2232, SWAT_SUTD:RSLinx Enterprise:P2.HMI_FIT201.Pv, 2.41912, 30/6/2015 6:20:55 PM, False, Not Annotated, False
D8CF2232, SWAT_SUTD:RSLinx Enterprise:P2.HMI_FIT201.Pv, 2.417454, 30/6/2015 6:20:56 PM, False, Not Annotated, False
D8CF2232, SWAT_SUTD:RSLinx Enterprise:P2.HMI_FIT201.Pv, 2.417454, 30/6/2015 6:20:57 PM, False, Not Annotated, False
D8CF2232, SWAT_SUTD:RSLinx Enterprise:P2.HMI_FIT201.Pv, 2.417454, 30/6/2015 6:20:58 PM, False, Not Annotated, False
D8CF2232, SWAT_SUTD:RSLinx Enterprise:P2.HMI_FIT201.Pv, 2.417454, 30/6/2015 6:20:59 PM, False, Not Annotated, False
D8CF2232, SWAT_SUTD:RSLinx Enterprise:P2.HMI_FIT201.Pv, 2.417454, 30/6/2015 6:21:00 PM, False, Not Annotated, False
D8CF2232, SWAT_SUTD:RSLinx Enterprise:P2.HMI_FIT201.Pv, 2.419377, 30/6/2015 6:21:01 PM, False, Not Annotated, False
D8CF2232, SWAT_SUTD:RSLinx Enterprise:P2.HMI_FIT201.Pv, 2.421683, 30/6/2015 6:21:02 PM, False, Not Annotated, False
D8CF2232, SWAT_SUTD:RSLinx Enterprise:P2.HMI_FIT201.Pv, 2.423606, 30/6/2015 6:21:03 PM, False, Not Annotated, False
D8CF2232, SWAT_SUTD:RSLinx Enterprise:P2.HMI_FIT201.Pv, 2.423734, 30/6/2015 6:21:04 PM, False, Not Annotated, False
D8CF2232, SWAT_SUTD:RSLinx Enterprise:P2.HMI_FIT201.Pv, 2.423734, 30/6/2015 6:21:05 PM, False, Not Annotated, False
D8CF2232, SWAT_SUTD:RSLinx Enterprise:P2.HMI_FIT201.Pv, 2.425784, 30/6/2015 6:21:06 PM, False, Not Annotated, False
D8CF2232, SWAT_SUTD:RSLinx Enterprise:P2.HMI_FIT201.Pv, 2.426169, 30/6/2015 6:21:07 PM, False, Not Annotated, False
D8CF2232, SWAT_SUTD:RSLinx Enterprise:P2.HMI_FIT201.Pv, 2.426169, 30/6/2015 6:21:08 PM, False, Not Annotated, False
D8CF2232, SWAT_SUTD:RSLinx Enterprise:P2.HMI_FIT201.Pv, 2.423093, 30/6/2015 6:21:09 PM, False, Not Annotated, False
D8CF2232, SWAT_SUTD:RSLinx Enterprise:P2.HMI_FIT201.Pv, 2.421683, 30/6/2015 6:21:10 PM, False, Not Annotated, False
D8CF2232, SWAT_SUTD:RSLinx Enterprise:P2.HMI_FIT201.Pv, 2.421683, 30/6/2015 6:21:11 PM, False, Not Annotated, False
D8CF2232, SWAT_SUTD:RSLinx Enterprise:P2.HMI_FIT201.Pv, 2.42399, 30/6/2015 6:21:12 PM, False, Not Annotated, False
D8CF2232, SWAT_SUTD:RSLinx Enterprise:P2.HMI_FIT201.Pv, 2.424887, 30/6/2015 6:21:13 PM, False, Not Annotated, False
D8CF2232, SWAT_SUTD:RSLinx Enterprise:P2.HMI_FIT201.Pv, 2.42745, 30/6/2015 6:21:14 PM, False, Not Annotated, False
D8CF2232, SWAT_SUTD:RSLinx Enterprise:P2.HMI_FIT201.Pv, 2.428091, 30/6/2015 6:21:15 PM, False, Not Annotated, False
D8CF2232, SWAT_SUTD:RSLinx Enterprise:P2.HMI_FIT201.Pv, 2.428091, 30/6/2015 6:21:16 PM, False, Not Annotated, False
D8CF2232, SWAT_SUTD:RSLinx Enterprise:P2.HMI_FIT201.Pv, 2.426425, 30/6/2015 6:21:17 PM, False, Not Annotated, False
D8CF2232, SWAT_SUTD:RSLinx Enterprise:P2.HMI_FIT201.Pv, 2.422965, 30/6/2015 6:21:18 PM, False, Not Annotated, False
D8CF2232, SWAT_SUTD:RSLinx Enterprise:P2.HMI_FIT201.Pv, 2.42194, 30/6/2015 6:21:19 PM, False, Not Annotated, False
D8CF2232, SWAT_SUTD:RSLinx Enterprise:P2.HMI_FIT201.Pv, 2.417326, 30/6/2015 6:21:20 PM, False, Not Annotated, False
D8CF2232, SWAT_SUTD:RSLinx Enterprise:P2.HMI_FIT201.Pv, 2.416301, 30/6/2015 6:21:21 PM, False, Not Annotated, False
D8CF2232, SWAT_SUTD:RSLinx Enterprise:P2.HMI_FIT201.Pv, 2.416301, 30/6/2015 6:21:22 PM, False, Not Annotated, False
D8CF2232, SWAT_SUTD:RSLinx Enterprise:P2.HMI_FIT201.Pv, 2.416301, 30/6/2015 6:21:23 PM, False, Not Annotated, False
D8CF2232, SWAT_SUTD:RSLinx Enterprise:P2.HMI_FIT201.Pv, 2.416173, 30/6/2015 6:21:24 PM, False, Not Annotated, False
D8CF2232, SWAT_SUTD:RSLinx Enterprise:P2.HMI_FIT201.Pv, 2.416173, 30/6/2015 6:21:25 PM, False, Not Annotated, False
D8CF2232, SWAT_SUTD:RSLinx Enterprise:P2.HMI_FIT201.Pv, 2.418608, 30/6/2015 6:21:26 PM, False, Not Annotated, False
D8CF2232, SWAT_SUTD:RSLinx Enterprise:P2.HMI_FIT201.Pv, 2.42053, 30/6/2015 6:21:27 PM, False, Not Annotated, False
D8CF2232, SWAT_SUTD:RSLinx Enterprise:P2.HMI_FIT201.Pv, 2.421427, 30/6/2015 6:21:28 PM, False, Not Annotated, False
D8CF2232, SWAT_SUTD:RSLinx Enterprise:P2.HMI_FIT201.Pv, 2.42194, 30/6/2015 6:21:29 PM, False, Not Annotated, False
D8CF2232, SWAT_SUTD:RSLinx Enterprise:P2.HMI_FIT201.Pv, 2.422324, 30/6/2015 6:21:30 PM, False, Not Annotated, False
D8CF2232, SWAT_SUTD:RSLinx Enterprise:P2.HMI_FIT201.Pv, 2.422324, 30/6/2015 6:21:31 PM, False, Not Annotated, False
D8CF2232, SWAT_SUTD:RSLinx Enterprise:P2.HMI_FIT201.Pv, 2.422324, 30/6/2015 6:21:32 PM, False, Not Annotated, False
D8CF2232, SWAT_SUTD:RSLinx Enterprise:P2.HMI_FIT201.Pv, 2.420658, 30/6/2015 6:21:33 PM, False, Not Annotated, False
D8CF2232, SWAT_SUTD:RSLinx Enterprise:P2.HMI_FIT201.Pv, 2.420658, 30/6/2015 6:21:34 PM, False, Not Annotated, False
D8CF2232, SWAT_SUTD:RSLinx Enterprise:P2.HMI_FIT201.Pv, 2.420658, 30/6/2015 6:21:35 PM, False, Not Annotated, False
D8CF2232, SWAT_SUTD:RSLinx Enterprise:P2.HMI_FIT201.Pv, 2.420658, 30/6/2015 6:21:36 PM, False, Not Annotated, False
D8CF2232, SWAT_SUTD:RSLinx Enterprise:P2.HMI_FIT201.Pv, 2.420658, 30/6/2015 6:21:37 PM, False, Not Annotated, False
D8CF2232, SWAT_SUTD:RSLinx Enterprise:P2.HMI_FIT201.Pv, 2.418479, 30/6/2015 6:21:38 PM, False, Not Annotated, False
D8CF2232, SWAT_SUTD:RSLinx Enterprise:P2.HMI_FIT201.Pv, 2.417454, 30/6/2015 6:21:39 PM, False, Not Annotated, False
D8CF2232, SWAT_SUTD:RSLinx Enterprise:P2.HMI_FIT201.Pv, 2.417454, 30/6/2015 6:21:40 PM, False, Not Annotated, False
D8CF2232, SWAT_SUTD:RSLinx Enterprise:P2.HMI_FIT201.Pv, 2.417967, 30/6/2015 6:21:41 PM, False, Not Annotated, False
D8CF2232, SWAT_SUTD:RSLinx Enterprise:P2.HMI_FIT201.Pv, 2.417967, 30/6/2015 6:21:42 PM, False, Not Annotated, False
D8CF2232, SWAT_SUTD:RSLinx Enterprise:P2.HMI_FIT201.Pv, 2.417967, 30/6/2015 6:21:43 PM, False, Not Annotated, False
D8CF2232, SWAT_SUTD:RSLinx Enterprise:P2.HMI_FIT201.Pv, 2.417967, 30/6/2015 6:21:44 PM, False, Not Annotated, False
D8CF2232, SWAT_SUTD:RSLinx Enterprise:P2.HMI_FIT201.Pv, 2.419505, 30/6/2015 6:21:45 PM, False, Not Annotated, False
D8CF2232, SWAT_SUTD:RSLinx Enterprise:P2.HMI_FIT201.Pv, 2.420146, 30/6/2015 6:21:46 PM, False, Not Annotated, False
D8CF2232, SWAT_SUTD:RSLinx Enterprise:P2.HMI_FIT201.Pv, 2.421427, 30/6/2015 6:21:47 PM, False, Not Annotated, False
D8CF2232, SWAT_SUTD:RSLinx Enterprise:P2.HMI_FIT201.Pv, 2.420658, 30/6/2015 6:21:48 PM, False, Not Annotated, False
D8CF2232, SWAT_SUTD:RSLinx Enterprise:P2.HMI_FIT201.Pv, 2.420658, 30/6/2015 6:21:49 PM, False, Not Annotated, False
D8CF2232, SWAT_SUTD:RSLinx Enterprise:P2.HMI_FIT201.Pv, 2.418864, 30/6/2015 6:21:50 PM, False, Not Annotated, False
D8CF2232, SWAT_SUTD:RSLinx Enterprise:P2.HMI_FIT201.Pv, 2.418864, 30/6/2015 6:21:51 PM, False, Not Annotated, False
D8CF2232, SWAT_SUTD:RSLinx Enterprise:P2.HMI_FIT201.Pv, 2.418864, 30/6/2015 6:21:52 PM, False, Not Annotated, False
D8CF2232, SWAT_SUTD:RSLinx Enterprise:P2.HMI_FIT201.Pv, 2.420402, 30/6/2015 6:21:53 PM, False, Not Annotated, False
D8CF2232, SWAT_SUTD:RSLinx Enterprise:P2.HMI_FIT201.Pv, 2.420402, 30/6/2015 6:21:54 PM, False, Not Annotated, False
D8CF2232, SWAT_SUTD:RSLinx Enterprise:P2.HMI_FIT201.Pv, 2.420402, 30/6/2015 6:21:55 PM, False, Not Annotated, False
D8CF2232, SWAT_SUTD:RSLinx Enterprise:P2.HMI_FIT201.Pv, 2.420402, 30/6/2015 6:21:56 PM, False, Not Annotated, False
D8CF2232, SWAT_SUTD:RSLinx Enterprise:P2.HMI_FIT201.Pv, 2.420402, 30/6/2015 6:21:57 PM, False, Not Annotated, False
D8CF2232, SWAT_SUTD:RSLinx Enterprise:P2.HMI_FIT201.Pv, 2.420402, 30/6/2015 6:21:58 PM, False, Not Annotated, False
D8CF2232, SWAT_SUTD:RSLinx Enterprise:P2.HMI_FIT201.Pv, 2.421427, 30/6/2015 6:21:59 PM, False, Not Annotated, False
D8CF2232, SWAT_SUTD:RSLinx Enterprise:P2.HMI_FIT201.Pv, 2.422965, 30/6/2015 6:22:00 PM, False, Not Annotated, False
D8CF2232, SWAT_SUTD:RSLinx Enterprise:P2.HMI_FIT201.Pv, 2.422965, 30/6/2015 6:22:01 PM, False, Not Annotated, False
D8CF2232, SWAT_SUTD:RSLinx Enterprise:P2.HMI_FIT201.Pv, 2.422965, 30/6/2015 6:22:02 PM, False, Not Annotated, False
D8CF2232, SWAT_SUTD:RSLinx Enterprise:P2.HMI_FIT201.Pv, 2.422965, 30/6/2015 6:22:03 PM, False, Not Annotated, False
D8CF2232, SWAT_SUTD:RSLinx Enterprise:P2.HMI_FIT201.Pv, 2.424375, 30/6/2015 6:22:04 PM, False, Not Annotated, False
D8CF2232, SWAT_SUTD:RSLinx Enterprise:P2.HMI_FIT201.Pv, 2.424375, 30/6/2015 6:22:05 PM, False, Not Annotated, False
D8CF2232, SWAT_SUTD:RSLinx Enterprise:P2.HMI_FIT201.Pv, 2.424375, 30/6/2015 6:22:06 PM, False, Not Annotated, False
D8CF2232, SWAT_SUTD:RSLinx Enterprise:P2.HMI_FIT201.Pv, 2.423093, 30/6/2015 6:22:07 PM, False, Not Annotated, False
D8CF2232, SWAT_SUTD:RSLinx Enterprise:P2.HMI_FIT201.Pv, 2.423093, 30/6/2015 6:22:08 PM, False, Not Annotated, False
D8CF2232, SWAT_SUTD:RSLinx Enterprise:P2.HMI_FIT201.Pv, 2.423093, 30/6/2015 6:22:09 PM, False, Not Annotated, False
D8CF2232, SWAT_SUTD:RSLinx Enterprise:P2.HMI_FIT201.Pv, 2.425528, 30/6/2015 6:22:10 PM, False, Not Annotated, False
D8CF2232, SWAT_SUTD:RSLinx Enterprise:P2.HMI_FIT201.Pv, 2.425528, 30/6/2015 6:22:11 PM, False, Not Annotated, False
D8CF2232, SWAT_SUTD:RSLinx Enterprise:P2.HMI_FIT201.Pv, 2.423606, 30/6/2015 6:22:12 PM, False, Not Annotated, False
D8CF2232, SWAT_SUTD:RSLinx Enterprise:P2.HMI_FIT201.Pv, 2.427835, 30/6/2015 6:22:13 PM, False, Not Annotated, False
D8CF2232, SWAT_SUTD:RSLinx Enterprise:P2.HMI_FIT201.Pv, 2.427835, 30/6/2015 6:22:14 PM, False, Not Annotated, False
D8CF2232, SWAT_SUTD:RSLinx Enterprise:P2.HMI_FIT201.Pv, 2.424887, 30/6/2015 6:22:15 PM, False, Not Annotated, False
D8CF2232, SWAT_SUTD:RSLinx Enterprise:P2.HMI_FIT201.Pv, 2.423221, 30/6/2015 6:22:16 PM, False, Not Annotated, False
D8CF2232, SWAT_SUTD:RSLinx Enterprise:P2.HMI_FIT201.Pv, 2.423221, 30/6/2015 6:22:17 PM, False, Not Annotated, False
D8CF2232, SWAT_SUTD:RSLinx Enterprise:P2.HMI_FIT201.Pv, 2.422068, 30/6/2015 6:22:18 PM, False, Not Annotated, False
D8CF2232, SWAT_SUTD:RSLinx Enterprise:P2.HMI_FIT201.Pv, 2.422068, 30/6/2015 6:22:19 PM, False, Not Annotated, False
D8CF2232, SWAT_SUTD:RSLinx Enterprise:P2.HMI_FIT201.Pv, 2.422068, 30/6/2015 6:22:20 PM, False, Not Annotated, False
D8CF2232, SWAT_SUTD:RSLinx Enterprise:P2.HMI_FIT201.Pv, 2.424375, 30/6/2015 6:22:21 PM, False, Not Annotated, False
D8CF2232, SWAT_SUTD:RSLinx Enterprise:P2.HMI_FIT201.Pv, 2.426809, 30/6/2015 6:22:22 PM, False, Not Annotated, False
D8CF2232, SWAT_SUTD:RSLinx Enterprise:P2.HMI_FIT201.Pv, 2.428475, 30/6/2015 6:22:23 PM, False, Not Annotated, False
D8CF2232, SWAT_SUTD:RSLinx Enterprise:P2.HMI_FIT201.Pv, 2.428475, 30/6/2015 6:22:24 PM, False, Not Annotated, False
D8CF2232, SWAT_SUTD:RSLinx Enterprise:P2.HMI_FIT201.Pv, 2.430141, 30/6/2015 6:22:25 PM, False, Not Annotated, False
D8CF2232, SWAT_SUTD:RSLinx Enterprise:P2.HMI_FIT201.Pv, 2.430141, 30/6/2015 6:22:26 PM, False, Not Annotated, False
D8CF2232, SWAT_SUTD:RSLinx Enterprise:P2.HMI_FIT201.Pv, 2.430141, 30/6/2015 6:22:27 PM, False, Not Annotated, False
D8CF2232, SWAT_SUTD:RSLinx Enterprise:P2.HMI_FIT201.Pv, 2.425528, 30/6/2015 6:22:28 PM, False, Not Annotated, False
D8CF2232, SWAT_SUTD:RSLinx Enterprise:P2.HMI_FIT201.Pv, 2.423349, 30/6/2015 6:22:29 PM, False, Not Annotated, False
D8CF2232, SWAT_SUTD:RSLinx Enterprise:P2.HMI_FIT201.Pv, 2.42258, 30/6/2015 6:22:30 PM, False, Not Annotated, False
D8CF2232, SWAT_SUTD:RSLinx Enterprise:P2.HMI_FIT201.Pv, 2.421171, 30/6/2015 6:22:31 PM, False, Not Annotated, False
D8CF2232, SWAT_SUTD:RSLinx Enterprise:P2.HMI_FIT201.Pv, 2.419248, 30/6/2015 6:22:32 PM, False, Not Annotated, False
D8CF2232, SWAT_SUTD:RSLinx Enterprise:P2.HMI_FIT201.Pv, 2.418223, 30/6/2015 6:22:33 PM, False, Not Annotated, False
D8CF2232, SWAT_SUTD:RSLinx Enterprise:P2.HMI_FIT201.Pv, 2.418223, 30/6/2015 6:22:34 PM, False, Not Annotated, False
D8CF2232, SWAT_SUTD:RSLinx Enterprise:P2.HMI_FIT201.Pv, 2.41912, 30/6/2015 6:22:35 PM, False, Not Annotated, False
D8CF2232, SWAT_SUTD:RSLinx Enterprise:P2.HMI_FIT201.Pv, 2.41912, 30/6/2015 6:22:36 PM, False, Not Annotated, False
D8CF2232, SWAT_SUTD:RSLinx Enterprise:P2.HMI_FIT201.Pv, 2.419889, 30/6/2015 6:22:37 PM, False, Not Annotated, False
D8CF2232, SWAT_SUTD:RSLinx Enterprise:P2.HMI_FIT201.Pv, 2.421042, 30/6/2015 6:22:38 PM, False, Not Annotated, False
D8CF2232, SWAT_SUTD:RSLinx Enterprise:P2.HMI_FIT201.Pv, 2.421042, 30/6/2015 6:22:39 PM, False, Not Annotated, False
D8CF2232, SWAT_SUTD:RSLinx Enterprise:P2.HMI_FIT201.Pv, 2.421042, 30/6/2015 6:22:40 PM, False, Not Annotated, False
D8CF2232, SWAT_SUTD:RSLinx Enterprise:P2.HMI_FIT201.Pv, 2.421042, 30/6/2015 6:22:41 PM, False, Not Annotated, False
D8CF2232, SWAT_SUTD:RSLinx Enterprise:P2.HMI_FIT201.Pv, 2.418608, 30/6/2015 6:22:42 PM, False, Not Annotated, False
D8CF2232, SWAT_SUTD:RSLinx Enterprise:P2.HMI_FIT201.Pv, 2.418608, 30/6/2015 6:22:43 PM, False, Not Annotated, False
D8CF2232, SWAT_SUTD:RSLinx Enterprise:P2.HMI_FIT201.Pv, 2.418608, 30/6/2015 6:22:44 PM, False, Not Annotated, False
D8CF2232, SWAT_SUTD:RSLinx Enterprise:P2.HMI_FIT201.Pv, 2.418608, 30/6/2015 6:22:45 PM, False, Not Annotated, False
D8CF2232, SWAT_SUTD:RSLinx Enterprise:P2.HMI_FIT201.Pv, 2.417583, 30/6/2015 6:22:46 PM, False, Not Annotated, False
D8CF2232, SWAT_SUTD:RSLinx Enterprise:P2.HMI_FIT201.Pv, 2.416814, 30/6/2015 6:22:47 PM, False, Not Annotated, False
D8CF2232, SWAT_SUTD:RSLinx Enterprise:P2.HMI_FIT201.Pv, 2.416814, 30/6/2015 6:22:48 PM, False, Not Annotated, False
D8CF2232, SWAT_SUTD:RSLinx Enterprise:P2.HMI_FIT201.Pv, 2.420786, 30/6/2015 6:22:49 PM, False, Not Annotated, False
D8CF2232, SWAT_SUTD:RSLinx Enterprise:P2.HMI_FIT201.Pv, 2.421299, 30/6/2015 6:22:50 PM, False, Not Annotated, False
D8CF2232, SWAT_SUTD:RSLinx Enterprise:P2.HMI_FIT201.Pv, 2.422965, 30/6/2015 6:22:51 PM, False, Not Annotated, False
D8CF2232, SWAT_SUTD:RSLinx Enterprise:P2.HMI_FIT201.Pv, 2.422965, 30/6/2015 6:22:52 PM, False, Not Annotated, False
D8CF2232, SWAT_SUTD:RSLinx Enterprise:P2.HMI_FIT201.Pv, 2.422965, 30/6/2015 6:22:53 PM, False, Not Annotated, False
D8CF2232, SWAT_SUTD:RSLinx Enterprise:P2.HMI_FIT201.Pv, 2.425784, 30/6/2015 6:22:54 PM, False, Not Annotated, False
D8CF2232, SWAT_SUTD:RSLinx Enterprise:P2.HMI_FIT201.Pv, 2.425784, 30/6/2015 6:22:55 PM, False, Not Annotated, False
D8CF2232, SWAT_SUTD:RSLinx Enterprise:P2.HMI_FIT201.Pv, 2.425784, 30/6/2015 6:22:56 PM, False, Not Annotated, False
D8CF2232, SWAT_SUTD:RSLinx Enterprise:P2.HMI_FIT201.Pv, 2.425784, 30/6/2015 6:22:57 PM, False, Not Annotated, False
D8CF2232, SWAT_SUTD:RSLinx Enterprise:P2.HMI_FIT201.Pv, 2.425784, 30/6/2015 6:22:58 PM, False, Not Annotated, False
D8CF2232, SWAT_SUTD:RSLinx Enterprise:P2.HMI_FIT201.Pv, 2.425784, 30/6/2015 6:22:59 PM, False, Not Annotated, False
D8CF2232, SWAT_SUTD:RSLinx Enterprise:P2.HMI_FIT201.Pv, 2.426809, 30/6/2015 6:23:00 PM, False, Not Annotated, False
D8CF2232, SWAT_SUTD:RSLinx Enterprise:P2.HMI_FIT201.Pv, 2.42745, 30/6/2015 6:23:01 PM, False, Not Annotated, False
D8CF2232, SWAT_SUTD:RSLinx Enterprise:P2.HMI_FIT201.Pv, 2.424631, 30/6/2015 6:23:02 PM, False, Not Annotated, False
D8CF2232, SWAT_SUTD:RSLinx Enterprise:P2.HMI_FIT201.Pv, 2.42399, 30/6/2015 6:23:03 PM, False, Not Annotated, False
D8CF2232, SWAT_SUTD:RSLinx Enterprise:P2.HMI_FIT201.Pv, 2.422452, 30/6/2015 6:23:04 PM, False, Not Annotated, False
D8CF2232, SWAT_SUTD:RSLinx Enterprise:P2.HMI_FIT201.Pv, 2.421299, 30/6/2015 6:23:05 PM, False, Not Annotated, False
D8CF2232, SWAT_SUTD:RSLinx Enterprise:P2.HMI_FIT201.Pv, 2.421299, 30/6/2015 6:23:06 PM, False, Not Annotated, False
D8CF2232, SWAT_SUTD:RSLinx Enterprise:P2.HMI_FIT201.Pv, 2.421299, 30/6/2015 6:23:07 PM, False, Not Annotated, False
D8CF2232, SWAT_SUTD:RSLinx Enterprise:P2.HMI_FIT201.Pv, 2.421299, 30/6/2015 6:23:08 PM, False, Not Annotated, False
D8CF2232, SWAT_SUTD:RSLinx Enterprise:P2.HMI_FIT201.Pv, 2.421299, 30/6/2015 6:23:09 PM, False, Not Annotated, False
D8CF2232, SWAT_SUTD:RSLinx Enterprise:P2.HMI_FIT201.Pv, 2.421299, 30/6/2015 6:23:10 PM, False, Not Annotated, False
D8CF2232, SWAT_SUTD:RSLinx Enterprise:P2.HMI_FIT201.Pv, 2.421299, 30/6/2015 6:23:11 PM, False, Not Annotated, False
D8CF2232, SWAT_SUTD:RSLinx Enterprise:P2.HMI_FIT201.Pv, 2.421299, 30/6/2015 6:23:12 PM, False, Not Annotated, False
D8CF2232, SWAT_SUTD:RSLinx Enterprise:P2.HMI_FIT201.Pv, 2.421299, 30/6/2015 6:23:13 PM, False, Not Annotated, False
D8CF2232, SWAT_SUTD:RSLinx Enterprise:P2.HMI_FIT201.Pv, 2.421299, 30/6/2015 6:23:14 PM, False, Not Annotated, False
D8CF2232, SWAT_SUTD:RSLinx Enterprise:P2.HMI_FIT201.Pv, 2.421299, 30/6/2015 6:23:15 PM, False, Not Annotated, False
D8CF2232, SWAT_SUTD:RSLinx Enterprise:P2.HMI_FIT201.Pv, 2.421299, 30/6/2015 6:23:16 PM, False, Not Annotated, False
D8CF2232, SWAT_SUTD:RSLinx Enterprise:P2.HMI_FIT201.Pv, 2.421299, 30/6/2015 6:23:17 PM, False, Not Annotated, False
D8CF2232, SWAT_SUTD:RSLinx Enterprise:P2.HMI_FIT201.Pv, 2.418479, 30/6/2015 6:23:18 PM, False, Not Annotated, False
D8CF2232, SWAT_SUTD:RSLinx Enterprise:P2.HMI_FIT201.Pv, 2.42053, 30/6/2015 6:23:19 PM, False, Not Annotated, False
D8CF2232, SWAT_SUTD:RSLinx Enterprise:P2.HMI_FIT201.Pv, 2.423862, 30/6/2015 6:23:20 PM, False, Not Annotated, False
D8CF2232, SWAT_SUTD:RSLinx Enterprise:P2.HMI_FIT201.Pv, 2.423862, 30/6/2015 6:23:21 PM, False, Not Annotated, False
D8CF2232, SWAT_SUTD:RSLinx Enterprise:P2.HMI_FIT201.Pv, 2.423862, 30/6/2015 6:23:22 PM, False, Not Annotated, False
D8CF2232, SWAT_SUTD:RSLinx Enterprise:P2.HMI_FIT201.Pv, 2.423862, 30/6/2015 6:23:23 PM, False, Not Annotated, False
D8CF2232, SWAT_SUTD:RSLinx Enterprise:P2.HMI_FIT201.Pv, 2.424375, 30/6/2015 6:23:24 PM, False, Not Annotated, False
D8CF2232, SWAT_SUTD:RSLinx Enterprise:P2.HMI_FIT201.Pv, 2.425656, 30/6/2015 6:23:25 PM, False, Not Annotated, False
D8CF2232, SWAT_SUTD:RSLinx Enterprise:P2.HMI_FIT201.Pv, 2.426809, 30/6/2015 6:23:26 PM, False, Not Annotated, False
D8CF2232, SWAT_SUTD:RSLinx Enterprise:P2.HMI_FIT201.Pv, 2.428091, 30/6/2015 6:23:27 PM, False, Not Annotated, False
D8CF2232, SWAT_SUTD:RSLinx Enterprise:P2.HMI_FIT201.Pv, 2.428091, 30/6/2015 6:23:28 PM, False, Not Annotated, False
D8CF2232, SWAT_SUTD:RSLinx Enterprise:P2.HMI_FIT201.Pv, 2.428091, 30/6/2015 6:23:29 PM, False, Not Annotated, False
D8CF2232, SWAT_SUTD:RSLinx Enterprise:P2.HMI_FIT201.Pv, 2.424631, 30/6/2015 6:23:30 PM, False, Not Annotated, False
D8CF2232, SWAT_SUTD:RSLinx Enterprise:P2.HMI_FIT201.Pv, 2.421042, 30/6/2015 6:23:31 PM, False, Not Annotated, False
D8CF2232, SWAT_SUTD:RSLinx Enterprise:P2.HMI_FIT201.Pv, 2.421042, 30/6/2015 6:23:32 PM, False, Not Annotated, False
D8CF2232, SWAT_SUTD:RSLinx Enterprise:P2.HMI_FIT201.Pv, 2.418736, 30/6/2015 6:23:33 PM, False, Not Annotated, False
D8CF2232, SWAT_SUTD:RSLinx Enterprise:P2.HMI_FIT201.Pv, 2.418479, 30/6/2015 6:23:34 PM, False, Not Annotated, False
D8CF2232, SWAT_SUTD:RSLinx Enterprise:P2.HMI_FIT201.Pv, 2.418479, 30/6/2015 6:23:35 PM, False, Not Annotated, False
D8CF2232, SWAT_SUTD:RSLinx Enterprise:P2.HMI_FIT201.Pv, 2.423734, 30/6/2015 6:23:36 PM, False, Not Annotated, False
D8CF2232, SWAT_SUTD:RSLinx Enterprise:P2.HMI_FIT201.Pv, 2.425015, 30/6/2015 6:23:37 PM, False, Not Annotated, False
D8CF2232, SWAT_SUTD:RSLinx Enterprise:P2.HMI_FIT201.Pv, 2.425015, 30/6/2015 6:23:38 PM, False, Not Annotated, False
D8CF2232, SWAT_SUTD:RSLinx Enterprise:P2.HMI_FIT201.Pv, 2.426938, 30/6/2015 6:23:39 PM, False, Not Annotated, False
D8CF2232, SWAT_SUTD:RSLinx Enterprise:P2.HMI_FIT201.Pv, 2.427194, 30/6/2015 6:23:40 PM, False, Not Annotated, False
D8CF2232, SWAT_SUTD:RSLinx Enterprise:P2.HMI_FIT201.Pv, 2.425015, 30/6/2015 6:23:41 PM, False, Not Annotated, False
D8CF2232, SWAT_SUTD:RSLinx Enterprise:P2.HMI_FIT201.Pv, 2.425015, 30/6/2015 6:23:42 PM, False, Not Annotated, False
D8CF2232, SWAT_SUTD:RSLinx Enterprise:P2.HMI_FIT201.Pv, 2.425015, 30/6/2015 6:23:43 PM, False, Not Annotated, False
D8CF2232, SWAT_SUTD:RSLinx Enterprise:P2.HMI_FIT201.Pv, 2.425015, 30/6/2015 6:23:44 PM, False, Not Annotated, False
D8CF2232, SWAT_SUTD:RSLinx Enterprise:P2.HMI_FIT201.Pv, 2.421811, 30/6/2015 6:23:45 PM, False, Not Annotated, False
D8CF2232, SWAT_SUTD:RSLinx Enterprise:P2.HMI_FIT201.Pv, 2.421811, 30/6/2015 6:23:46 PM, False, Not Annotated, False
D8CF2232, SWAT_SUTD:RSLinx Enterprise:P2.HMI_FIT201.Pv, 2.421042, 30/6/2015 6:23:47 PM, False, Not Annotated, False
D8CF2232, SWAT_SUTD:RSLinx Enterprise:P2.HMI_FIT201.Pv, 2.421042, 30/6/2015 6:23:48 PM, False, Not Annotated, False
D8CF2232, SWAT_SUTD:RSLinx Enterprise:P2.HMI_FIT201.Pv, 2.421042, 30/6/2015 6:23:49 PM, False, Not Annotated, False
D8CF2232, SWAT_SUTD:RSLinx Enterprise:P2.HMI_FIT201.Pv, 2.421042, 30/6/2015 6:23:50 PM, False, Not Annotated, False
D8CF2232, SWAT_SUTD:RSLinx Enterprise:P2.HMI_FIT201.Pv, 2.41912, 30/6/2015 6:23:51 PM, False, Not Annotated, False
D8CF2232, SWAT_SUTD:RSLinx Enterprise:P2.HMI_FIT201.Pv, 2.41912, 30/6/2015 6:23:52 PM, False, Not Annotated, False
D8CF2232, SWAT_SUTD:RSLinx Enterprise:P2.HMI_FIT201.Pv, 2.417839, 30/6/2015 6:23:53 PM, False, Not Annotated, False
D8CF2232, SWAT_SUTD:RSLinx Enterprise:P2.HMI_FIT201.Pv, 2.417839, 30/6/2015 6:23:54 PM, False, Not Annotated, False
D8CF2232, SWAT_SUTD:RSLinx Enterprise:P2.HMI_FIT201.Pv, 2.417839, 30/6/2015 6:23:55 PM, False, Not Annotated, False
D8CF2232, SWAT_SUTD:RSLinx Enterprise:P2.HMI_FIT201.Pv, 2.417839, 30/6/2015 6:23:56 PM, False, Not Annotated, False
D8CF2232, SWAT_SUTD:RSLinx Enterprise:P2.HMI_FIT201.Pv, 2.417839, 30/6/2015 6:23:57 PM, False, Not Annotated, False
D8CF2232, SWAT_SUTD:RSLinx Enterprise:P2.HMI_FIT201.Pv, 2.416685, 30/6/2015 6:23:58 PM, False, Not Annotated, False
D8CF2232, SWAT_SUTD:RSLinx Enterprise:P2.HMI_FIT201.Pv, 2.415404, 30/6/2015 6:23:59 PM, False, Not Annotated, False
D8CF2232, SWAT_SUTD:RSLinx Enterprise:P2.HMI_FIT201.Pv, 2.418608, 30/6/2015 6:24:00 PM, False, Not Annotated, False
D8CF2232, SWAT_SUTD:RSLinx Enterprise:P2.HMI_FIT201.Pv, 2.419889, 30/6/2015 6:24:01 PM, False, Not Annotated, False
D8CF2232, SWAT_SUTD:RSLinx Enterprise:P2.HMI_FIT201.Pv, 2.421683, 30/6/2015 6:24:02 PM, False, Not Annotated, False
D8CF2232, SWAT_SUTD:RSLinx Enterprise:P2.HMI_FIT201.Pv, 2.421683, 30/6/2015 6:24:03 PM, False, Not Annotated, False
D8CF2232, SWAT_SUTD:RSLinx Enterprise:P2.HMI_FIT201.Pv, 2.421683, 30/6/2015 6:24:04 PM, False, Not Annotated, False
